0.0 3.97627
2.0 6.98612
4.0 7.48624
6.0 7.43793
8.0 7.32540
10.0 7.51831
12.0 7.50985
14.0 7.62988
16.0 7.09006
18.0 7.60394
20.0 7.39009
22.0 7.52170
24.0 5.26816
26.0 7.88401
28.0 7.67404
30.0 7.19917
32.0 7.54722
34.0 7.33179
36.0 7.03029
38.0 7.06912
40.0 5.47935
42.0 7.73405
44.0 4.57475
46.0 6.67560
48.0 5.21473
50.0 6.73010
52.0 6.82029
54.0 7.06848
56.0 6.18637
58.0 5.64222
60.0 6.36870
62.0 5.88967
64.0 7.25055
66.0 4.91956
68.0 7.00236
70.0 6.16598
72.0 6.19319
74.0 6.17183
76.0 6.18296
78.0 6.07611
80.0 6.07201
82.0 6.51147
84.0 6.83175
86.0 4.08978
88.0 7.97048
90.0 7.01761
92.0 6.96070
94.0 6.24955
96.0 6.25140
98.0 4.58741
100.0 6.44717
102.0 5.95305
104.0 6.33135
106.0 6.58464
108.0 2.39798
110.786 5.60991
112.786 6.17683
114.786 7.18237
116.786 5.33236
118.786 8.05274
120.786 4.94537
122.786 7.97407
124.786 6.69416
126.786 4.95718
128.786 7.77388
130.786 6.99399
132.786 6.25021
134.786 6.54483
136.786 6.81629
138.786 7.71278
140.786 4.95285
142.786 7.93798
144.786 4.94140
146.786 7.97641
148.786 4.94649
150.786 7.99371
152.786 5.32342
154.786 7.15852
156.786 5.30339
158.786 7.20528
160.786 7.12290
162.786 5.22163
164.786 7.98111
166.786 4.33489
168.786 7.90847
170.786 4.94585
172.786 7.93947
174.786 3.62201
176.786 7.15730
178.786 7.77563
180.786 7.74883
182.786 7.33344
184.786 7.27837
186.786 7.34005
188.786 7.38040
190.786 7.33324
192.786 7.79904
194.786 6.96012
196.786 5.95428
198.786 7.45614
200.786 7.58836
202.786 6.64092
204.786 7.53867
206.786 7.79761
208.786 7.32354
210.786 7.28192
212.786 7.72216
214.786 7.73311
216.786 6.23527
218.786 7.22376
220.786 6.83426
222.786 6.36760
224.786 7.31386
226.786 5.55179
228.786 6.56022
230.786 7.52000
232.786 5.30767
234.786 7.52677
236.786 5.32397
238.786 7.96098
240.786 5.28185
242.786 8.03158
244.786 4.96678
246.786 7.74656
248.786 5.41318
250.786 7.99692
252.786 5.30548
254.786 7.63357
256.786 5.30767
258.786 5.96623
260.786 4.10918
262.786 8.02072
264.786 7.57121
266.786 7.74333
268.786 7.03504
270.786 7.35566
272.786 6.79172
274.786 7.02341
276.786 6.71283
278.786 5.06430
280.786 7.08892
282.786 7.36247
284.786 6.01465
286.786 7.34939
288.786 6.94563
290.786 7.63530
292.786 5.55891
294.786 7.74682
296.786 7.35602
298.786 7.59186
300.786 7.32684
302.786 6.26573
304.786 6.23066
306.786 4.97891
308.786 6.89943
310.786 7.22376
312.786 6.41948
314.786 4.83195
316.786 3.14608
318.91 5.46864
320.91 7.11434
322.91 3.83119
324.91 7.49468
326.91 4.55929
328.91 7.95023
330.91 5.31549
332.91 8.02857
334.91 4.92491
336.91 7.99011
338.91 4.66219
340.91 7.56263
342.91 6.68378
344.91 7.77417
346.91 4.63873
348.91 8.00930
350.91 5.59430
352.91 6.04861
354.91 6.95815
356.91 7.06329
358.91 7.75301
360.91 5.66686
362.91 7.76862
364.91 7.37043
366.91 7.27562
368.91 7.33614
370.91 7.31836
372.91 7.35933
374.91 7.28356
376.91 5.97157
378.91 7.80178
380.91 7.70409
382.91 7.27097
384.91 7.74910
386.91 7.33159
388.91 7.57121
390.91 7.29432
392.91 7.37209
394.91 5.98900
396.91 7.80321
398.91 7.82009
400.91 7.78675
402.91 7.30303
404.91 7.61443
406.91 7.33965
408.91 7.81269
410.91 7.37010
412.91 7.36677
414.91 7.31431
416.91 7.32145
418.91 7.35381
420.91 7.29102
422.91 7.76309
424.91 5.96493
426.91 7.75233
428.91 7.82009
430.91 7.72787
432.91 7.34296
434.91 7.36230
436.91 7.78500
438.91 7.57982
440.91 7.33985
442.91 7.78675
444.91 7.29481
446.91 7.28330
448.91 7.28521
450.91 7.72367
452.91 7.79936
454.91 7.30726
456.91 5.74419
458.91 7.73087
460.91 7.25979
462.91 7.79234
464.91 7.36843
466.91 5.68491
468.91 7.78355
470.91 7.36378
472.91 7.76190
474.91 7.80002
476.91 7.78562
478.91 7.86762
480.91 7.32189
482.91 7.79441
484.91 7.80189
486.91 7.27333
488.91 7.76687
490.91 7.36378
492.91 7.34774
494.91 7.78118
496.91 5.64488
498.91 8.10500
500.91 7.31800
502.91 7.36960
504.91 7.74708
506.91 7.30150
508.91 7.68019
510.91 6.98218
512.91 7.79585
514.91 7.09395
516.91 6.95855
518.91 7.77067
520.91 5.36150
522.91 7.93847
524.91 6.90281
526.91 7.08732
528.91 7.16168
530.91 5.09464
532.91 6.64429
534.91 6.26950
536.91 6.39811
538.91 6.20857
540.91 6.99660
542.91 7.64519
544.91 6.97122
546.91 7.67386
548.91 7.31836
550.91 7.49637
552.91 5.55092
554.91 6.98769
556.91 7.19577
558.91 7.52687
560.91 7.57215
562.91 7.37040
564.91 7.71794
566.91 7.29963
568.91 7.60327
570.91 7.60694
572.91 5.47032
574.91 7.40469
576.91 7.78233
578.91 7.30184
580.91 7.17230
582.91 7.75407
584.91 7.39648
586.91 7.75959
588.91 5.75776
590.91 7.61110
592.91 7.30726
594.91 7.79696
596.91 7.36344
598.91 5.67197
600.91 7.74508
602.91 7.36850
604.91 7.74698
606.91 7.34489
608.91 7.26464
610.91 7.38050
612.91 7.07560
614.91 5.44018
616.91 8.03219
618.91 7.31760
620.91 7.76334
622.91 7.71961
624.91 5.56317
626.91 7.96922
628.91 6.47744
630.91 7.71042
632.91 7.74159
634.91 5.75647
636.91 7.43802
638.91 7.73886
640.91 7.78294
642.91 7.75582
644.91 7.32915
646.91 7.90953
648.91 7.75072
650.91 7.17495
652.91 7.63583
654.91 7.24312
656.91 7.71237
658.91 7.28849
660.91 6.27185
662.91 6.22153
664.91 5.24291
666.91 6.45862
668.91 6.24090
670.91 6.88142
672.91 7.67946
674.91 7.66539
676.91 7.53485
678.91 7.32507
680.91 5.88084
682.91 6.52942
684.91 7.64959
686.91 7.29481
688.91 7.71646
690.91 7.30738
692.91 7.75462
694.91 6.00664
696.91 7.75654
698.91 7.32888
700.91 7.66494
702.91 6.66667
704.91 7.72193
706.91 7.03720
708.91 7.73087
710.91 7.18164
712.91 7.29267
714.91 7.77123
716.91 5.65183
718.91 7.74236
720.91 7.37784
722.91 7.80673
724.91 7.18886
726.91 7.40705
728.91 7.74495
730.91 7.33262
732.91 7.75250
734.91 7.39943
736.91 7.74168
738.91 7.77004
740.91 5.51303
742.91 7.51377
744.91 7.75737
746.91 7.36660
748.91 7.74727
750.91 7.27358
752.91 7.72605
754.91 5.68676
756.91 7.78675
758.91 7.31386
760.91 7.23647
762.91 7.78295
764.91 7.14670
766.91 7.73541
768.91 7.32810
770.91 5.90270
772.91 7.77125
774.91 7.35678
776.91 7.36413
778.91 7.74735
780.91 5.87674
782.91 7.83069
784.91 7.36378
786.91 7.74027
788.91 7.27849
790.91 7.17591
792.91 7.73686
794.91 5.74255
796.91 7.82478
798.91 7.29440
800.91 7.27156
802.91 7.73807
804.91 5.96578
806.91 7.80145
808.91 7.34627
810.91 7.28192
812.91 7.41429
814.91 7.70732
816.91 7.35617
818.91 5.67401
820.91 7.81411
822.91 7.34267
824.91 7.38122
826.91 7.72180
828.91 7.74643
830.91 7.30561
832.91 7.26633
834.91 7.48451
836.91 6.27233
838.91 6.83944
840.91 7.73511
842.91 5.72940
844.91 7.41806
846.91 7.22833
848.91 7.75284
850.91 7.58238
852.91 7.34741
854.91 7.77161
856.91 7.32702
858.91 7.77701
860.91 7.31881
862.91 6.05284
864.91 7.75347
866.91 7.31925
868.91 7.75885
870.91 7.38358
872.91 7.29767
874.91 7.77183
876.91 7.77943
878.91 7.06800
880.91 5.93178
882.91 7.77614
884.91 7.77931
886.91 7.06670
888.91 7.78324
890.91 7.31881
892.91 7.37163
894.91 7.62678
896.91 7.32696
898.91 6.30300
900.91 7.65481
902.91 5.57324
904.91 7.45861
906.91 6.72771
908.91 6.31395
910.91 6.25902
912.91 5.82903
914.91 6.24435
916.91 6.66143
918.91 7.22670
920.91 6.84451
922.91 5.51790
924.91 6.70133
926.91 7.65688
928.91 7.74883
930.91 7.32167
932.91 7.06371
934.91 7.23834
936.91 7.29590
938.91 6.37919
940.91 7.26343
942.91 7.78389
944.91 7.22185
946.91 5.39785
948.91 7.72913
950.91 7.14158
952.91 7.81098
954.91 6.10447
956.91 7.55926
958.91 7.78324
960.91 4.92996
962.91 7.24892
964.91 7.80321
966.91 7.42657
968.91 7.26662
970.91 7.62485
972.91 7.28192
974.91 7.27097
976.91 7.79719
978.91 6.04406
980.91 7.52680
982.91 7.23983
984.91 5.92745
986.91 7.82080
988.91 7.39696
990.91 7.77592
992.91 7.32046
994.91 7.10080
996.91 6.96780
998.91 6.41620
1000.91 7.40946
1002.91 7.34884
1004.91 6.22665
1006.91 6.28791
1008.91 6.45091
1010.91 5.90810
1012.91 5.67325
1014.91 7.62657
1016.91 6.62537
1018.91 5.97018
1020.91 6.88453
1022.91 6.31794
1024.91 5.71159
1026.91 6.04466
1028.91 7.74333
1030.91 7.81909
1032.91 7.76403
1034.91 6.70277
1036.91 5.71494
1038.91 7.81581
1040.91 7.71162
1042.91 7.36708
1044.91 6.27824
1046.91 7.97156
1048.91 6.05288
1050.91 6.53969
1052.91 7.01867
1054.91 7.37676
1056.91 7.91097
1058.91 7.31515
1060.91 5.97955
1062.91 6.21644
1064.91 4.85059
1066.91 6.35691
1068.91 7.64936
1070.91 7.73486
1072.91 7.77648
1074.91 7.45713
1076.91 6.34582
1078.91 5.05053
1080.91 6.38390
1082.91 6.24081
1084.91 6.23766
1086.91 6.30648
1088.91 5.06013
1090.91 6.39369
1092.91 6.20209
1094.91 6.25552
1096.91 7.13755
1098.91 6.53757
1100.91 6.46633
1102.91 6.26008
1104.91 6.20711
1106.91 6.46004
1108.91 6.21398
1110.91 6.25608
1112.91 6.26329
1114.91 6.20345
1116.91 6.39407
1118.91 5.16545
1120.91 6.35927
1122.91 6.33190
1124.91 6.43718
1126.91 8.04905
1128.91 7.31699
1130.91 7.80950
1132.91 5.49066
1134.91 7.75757
1136.91 7.80916
1138.91 7.75407
1140.91 7.74910
1142.91 7.80497
1144.91 5.89765
1146.91 8.11270
1148.91 7.37131
1150.91 7.40513
1152.91 7.74531
1154.91 7.36212
1156.91 7.73411
1158.91 5.95626
1160.91 7.44350
1162.91 6.96780
1164.91 7.74686
1166.91 7.79593
1168.91 7.32076
1170.91 7.80377
1172.91 7.39664
1174.91 6.49334
1176.91 6.48731
1178.91 6.68822
1180.91 7.80050
1182.91 5.74007
1184.91 6.61015
1186.91 7.97048
1188.91 7.30538
1190.91 7.03128
1192.91 7.77342
1194.91 6.57722
1196.91 6.37500
1198.91 6.24801
1200.91 4.98514
1202.91 7.21986
1204.91 7.71474
1206.91 7.81833
1208.91 7.37510
1210.91 5.91991
1212.91 6.76572
1214.91 6.30282
1216.91 7.96922
1218.91 7.35234
1220.91 7.31386
1222.91 7.36287
1224.91 6.26052
1226.91 7.43478
1228.91 6.34207
1230.91 6.48190
1232.91 6.26948
1234.91 6.22180
1236.91 8.02676
1238.91 7.09503
1240.91 7.75071
1242.91 7.76127
1244.91 5.71907
1246.91 6.46487
1248.91 7.58944
1250.91 6.03084
1252.91 7.18816
1254.91 6.16751
1256.91 6.45673
1258.91 6.47056
1260.91 5.96089
1262.91 7.80497
1264.91 7.26769
1266.91 7.44446
1268.91 6.65029
1270.91 6.27312
1272.91 7.30563
1274.91 7.04672
1276.91 7.43626
1278.91 6.01075
1280.91 7.21598
1282.91 6.93865
1284.91 7.77506
1286.91 7.15438
1288.91 7.33137
1290.91 7.28218
1292.91 6.13937
1294.91 7.43626
1296.91 7.79345
1298.91 7.18650
1300.91 7.74613
1302.91 7.30022
1304.91 5.84680
1306.91 7.33966
1308.91 6.71504
1310.91 7.77652
1312.91 7.74735
1314.91 5.69876
1316.91 7.03704
1318.91 6.50879
1320.91 7.45508
1322.91 7.08152
1324.91 6.47641
1326.91 5.65470
1328.91 6.37022
1330.91 6.27541
1332.91 6.28133
1334.91 6.25634
1336.91 6.69964
1338.91 7.65894
1340.91 7.05956
1342.91 6.32180
1344.91 7.51651
1346.91 6.46678
1348.91 7.63610
1350.91 7.09452
1352.91 7.40510
1354.91 7.32468
1356.91 7.02618
1358.91 5.88025
1360.91 7.65048
1362.91 7.16430
1364.91 7.42118
1366.91 8.11066
1368.91 7.83056
1370.91 7.37033
1372.91 7.36212
1374.91 7.37242
1376.91 8.11503
1378.91 7.34977
1380.91 7.78054
1382.91 7.79929
1384.91 5.84527
1386.91 7.86549
1388.91 7.26274
1390.91 6.05839
1392.91 7.77417
1394.91 7.37994
1396.91 7.48131
1398.91 6.31590
1400.91 6.62625
1402.91 5.95950
1404.91 7.31947
1406.91 7.80841
1408.91 7.07038
1410.91 7.77390
1412.91 7.37043
1414.91 7.37193
1416.91 6.65843
1418.91 6.55283
1420.91 7.68807
1422.91 5.73045
1424.91 7.79585
1426.91 7.82080
1428.91 7.39246
1430.91 7.76361
1432.91 7.39323
1434.91 7.79530
1436.91 7.37079
1438.91 5.41416
1440.91 7.80354
1442.91 7.81833
1444.91 7.35418
1446.91 7.81974
1448.91 7.38191
1450.91 7.36680
1452.91 7.78826
1454.91 7.79554
1456.91 7.75901
1458.91 5.74998
1460.91 7.81269
1462.91 10.52326
1464.91 7.39080
1466.91 7.82960
1468.91 7.33833
1470.91 7.76687
1472.91 5.34917
1474.91 7.78324
1476.91 7.80090
1478.91 7.78233
1480.91 7.36212
1482.91 5.23043
1484.91 7.79409
1486.91 7.80145
1488.91 7.82712
1490.91 7.35790
1492.91 7.80354
1494.91 7.37502
1496.91 7.79845
1498.91 5.85761
1500.91 7.81983
1502.91 7.53512
1504.91 7.35179
1506.91 7.78397
1508.91 5.90908
1510.91 7.78857
1512.91 7.35547
1514.91 7.80781
1516.91 7.80101
1518.91 7.78851
1520.91 7.80145
1522.91 6.00112
1524.91 7.80673
1526.91 7.77913
1528.91 7.81235
1530.91 7.78357
1532.91 4.84882
1534.91 8.10155
1536.91 7.80597
1538.91 7.81411
1540.91 7.81715
1542.91 7.42982
1544.91 8.11874
1546.91 7.81763
1548.91 7.38040
1550.91 7.34589
1552.91 7.79441
1554.91 7.37209
1556.91 7.80886
1558.91 7.33223
1560.91 7.36728
1562.91 7.34774
1564.91 7.37010
1566.91 7.80354
1568.91 5.90031
1570.91 7.80288
1572.91 7.37724
1574.91 7.79650
1576.91 7.78355
1578.91 7.39895
1580.91 7.81068
1582.91 7.77003
1584.91 7.36827
1586.91 7.78324
1588.91 7.36562
1590.91 7.38358
1592.91 7.37910
1594.91 5.97080
1596.91 7.81833
1598.91 7.37027
1600.91 7.80098
1602.91 7.35289
1604.91 5.74207
1606.91 7.73949
1608.91 7.33760
1610.91 7.79454
1612.91 7.77944
1614.91 7.38842
1616.91 7.81192
1618.91 7.24148
1620.91 7.34131
1622.91 7.82679
1624.91 7.35566
1626.91 7.78644
1628.91 5.75549
1630.91 7.78320
1632.91 7.69152
1634.91 7.36230
1636.91 6.94265
1638.91 6.64486
1640.91 7.29761
1642.91 5.98096
1644.91 7.80673
1646.91 7.78870
1648.91 7.81087
1650.91 7.36046
1652.91 7.80673
1654.91 7.38836
1656.91 7.81438
1658.91 7.36562
1660.91 5.99977
1662.91 7.80145
1664.91 7.82565
1666.91 7.79166
1668.91 7.30413
1670.91 7.37193
1672.91 7.79441
1674.91 7.35966
1676.91 7.80291
1678.91 7.37926
1680.91 7.78972
1682.91 7.33760
1684.91 7.35270
1686.91 7.79361
1688.91 4.93496
1690.91 8.00627
1692.91 7.37396
1694.91 7.34608
1696.91 7.81200
1698.91 7.36761
1700.91 7.35678
1702.91 6.86548
1704.91 7.76077
1706.91 7.75267
1708.91 7.36562
1710.91 7.33180
1712.91 7.81019
1714.91 7.78541
1716.91 5.98052
1718.91 7.79395
1720.91 7.38191
1722.91 7.40515
1724.91 7.79898
1726.91 7.79429
1728.91 7.37009
1730.91 5.86371
1732.91 7.78355
1734.91 7.35566
1736.91 7.81235
1738.91 7.34131
1740.91 6.01464
1742.91 7.80321
1744.91 7.79265
1746.91 7.81172
1748.91 7.09236
1750.91 8.61064
1752.91 7.81269
1754.91 6.70963
1756.91 8.11148
1758.91 7.33560
1760.91 6.05728
1762.91 6.96715
1764.91 6.80556
1766.91 6.44218
1768.91 6.63459
1770.91 6.31574
1772.91 6.50295
1774.91 6.19913
1776.91 5.97157
1778.91 7.68269
1780.91 7.36230
1782.91 7.78179
1784.91 7.82009
1786.91 6.03084
1788.91 7.82182
1790.91 7.81774
1792.91 7.14400
1794.91 6.03950
1796.91 6.66484
1798.91 7.16105
1800.91 6.41909
1802.91 7.71164
1804.91 7.75700
1806.91 7.74735
1808.91 5.57827
1810.91 6.44010
1812.91 7.16602
1814.91 7.75864
1816.91 7.78531
1818.91 6.02530
1820.91 6.87361
1822.91 7.54353
1824.91 7.81855
1826.91 7.02343
1828.91 6.60213
1830.91 7.44838
1832.91 7.87087
1834.91 7.33988
1836.91 5.67635
1838.91 7.54131
1840.91 6.05319
1842.91 7.36730
1844.91 6.26456
1846.91 7.01115
1848.91 7.04614
1850.91 6.67155
1852.91 7.78684
1854.91 5.99955
1856.91 5.04678
1858.91 8.01291
1860.91 7.80321
1862.91 7.79298
1864.91 6.81772
1866.91 7.22213
1868.91 7.73984
1870.91 6.90343
1872.91 7.77006
1874.91 6.75278
1876.91 6.87255
1878.91 7.50647
1880.91 7.05360
1882.91 6.57638
1884.91 7.49102
1886.91 7.12374
1888.91 7.80673
1890.91 7.39995
1892.91 7.39494
1894.91 7.38191
1896.91 7.09006
1898.91 7.79441
1900.91 6.56776
1902.91 7.69036
1904.91 7.37223
1906.91 7.19795
1908.91 7.12637
1910.91 7.77518
1912.91 7.36081
1914.91 7.38025
1916.91 7.13973
1918.91 6.93121
1920.91 6.26861
1922.91 7.02717
1924.91 7.77818
1926.91 6.43019
1928.91 6.55590
1930.91 7.16789
1932.91 6.40931
1934.91 7.16642
1936.91 7.19551
1938.91 7.76541
1940.91 7.74407
1942.91 7.74493
1944.91 7.27096
1946.91 7.00698
1948.91 7.80275
1950.91 7.50987
1952.91 7.80326
1954.91 7.38342
1956.91 7.20521
1958.91 7.71648
1960.91 7.29415
1962.91 7.71564
1964.91 7.35625
1966.91 7.21111
1968.91 7.32771
1970.91 7.80648
1972.91 7.34131
1974.91 7.81709
1976.91 7.16811
1978.91 7.78274
1980.91 7.33337
1982.91 7.72272
1984.91 7.31716
1986.91 7.19262
1988.91 7.81278
1990.91 7.80690
1992.91 7.35584
1994.91 7.43813
1996.91 7.78507
1998.91 7.39009
2000.91 7.37708
2002.91 7.36212
2004.91 7.82676
2006.91 6.96906
2008.91 7.74735
2010.91 7.30865
2012.91 7.76861
2014.91 7.31244
2016.91 7.22050
2018.91 7.79585
2020.91 7.80970
2022.91 6.04841
2024.91 6.30675
2026.91 6.88698
2028.91 6.29414
2030.91 6.97006
2032.91 6.00651
2034.91 6.28508
2036.91 6.33552
2038.91 6.91746
2040.91 6.26883
2042.91 6.61309
2044.91 6.82561
2046.91 6.85293
2048.91 5.23864
2050.91 6.26737
2052.91 6.96012
2054.91 6.29747
2056.91 6.98353
2058.91 5.14514
2060.91 6.29977
2062.91 6.24533
2064.91 6.25726
2066.91 6.51342
2068.91 7.71474
2070.91 6.71656
2072.91 7.81376
2074.91 7.90491
2076.91 6.72109
2078.91 7.16460
2080.91 7.76096
2082.91 7.66494
2084.91 6.73914
2086.91 6.00110
2088.91 7.78294
2090.91 7.32684
2092.91 7.29596
2094.91 7.74682
2096.91 7.22050
2098.91 7.77622
2100.91 7.79409
2102.91 7.37060
2104.91 6.20907
2106.91 7.79234
2108.91 7.38980
2110.91 7.78179
2112.91 5.98363
2114.91 7.56439
2116.91 5.93163
2118.91 6.25844
2120.91 7.39648
2122.91 7.61626
2124.91 7.80916
2126.91 7.20457
2128.91 7.80178
2130.91 7.32952
2132.91 7.81587
2134.91 7.80497
2136.91 7.21920
2138.91 7.75812
2140.91 7.79585
2142.91 7.71474
2144.91 7.69367
2146.91 7.22995
2148.91 7.80145
2150.91 7.33489
2152.91 7.80178
2154.91 7.82503
2156.91 7.21045
2158.91 7.73984
2160.91 7.31760
2162.91 7.78644
2164.91 7.77008
2166.91 7.21432
2168.91 7.78294
2170.91 7.39023
2172.91 7.80112
2174.91 7.36247
2176.91 7.77563
2178.91 7.81939
2180.91 7.41528
2182.91 7.56546
2184.91 7.35750
2186.91 7.77593
2188.91 7.79608
2190.91 5.82058
2192.91 7.77388
2194.91 7.33510
2196.91 7.36046
2198.91 7.34627
2200.91 6.01600
2202.91 7.81059
2204.91 7.79728
2206.91 7.16190
2208.91 7.77564
2210.91 7.30632
2212.91 7.80497
2214.91 7.81025
2216.91 7.21595
2218.91 7.79761
2220.91 7.38040
2222.91 7.82080
2224.91 7.36562
2226.91 7.82421
2228.91 7.78183
2230.91 5.72499
2232.91 7.80464
2234.91 7.37060
2236.91 7.40595
2238.91 7.77729
2240.91 7.77822
2242.91 7.33965
2244.91 7.78324
2246.91 7.37708
2248.91 7.34131
2250.91 7.80849
2252.91 5.76642
2254.91 7.81814
2256.91 7.32520
2258.91 7.36894
2260.91 7.37209
2262.91 7.35307
2264.91 7.35006
2266.91 7.81235
2268.91 7.81411
2270.91 5.74655
2272.91 7.81235
2274.91 7.78324
2276.91 7.79202
2278.91 6.09154
2280.91 5.96937
2282.91 7.79168
2284.91 7.78469
2286.91 7.45937
2288.91 7.81235
2290.91 7.35566
2292.91 8.01892
2294.91 7.37343
2296.91 7.35566
2298.91 7.32684
2300.91 7.80112
2302.91 7.37060
2304.91 6.02007
2306.91 7.81939
2308.91 7.31528
2310.91 7.79585
2312.91 7.33138
2314.91 7.35750
2316.91 6.20907
2318.91 5.82570
2320.91 7.01287
2322.91 6.82100
2324.91 7.70757
2326.91 7.38191
2328.91 7.37193
2330.91 7.64734
2332.91 7.77768
2334.91 7.77738
2336.91 5.98363
2338.91 7.79936
2340.91 7.37542
2342.91 7.34608
2344.91 7.80321
2346.91 7.35915
2348.91 7.78675
2350.91 5.90810
2352.91 7.71278
2354.91 7.80673
2356.91 7.79904
2358.91 7.76659
2360.91 7.81552
2362.91 5.98900
2364.91 7.80145
2366.91 7.80497
2368.91 7.36230
2370.91 7.36378
2372.91 7.80145
2374.91 7.79585
2376.91 7.82186
2378.91 7.35566
2380.91 7.79234
2382.91 7.81093
2384.91 7.34939
2386.91 7.80497
2388.91 4.93583
2390.91 7.74159
2392.91 6.96325
2394.91 6.28199
2396.91 7.56268
2398.91 7.33159
2400.91 7.79234
2402.91 7.78738
2404.91 7.79090
2406.91 7.36527
2408.91 6.99131
2410.91 7.79441
2412.91 7.08253
2414.91 5.99438
2416.91 7.80497
2418.91 7.23680
2420.91 7.35418
2422.91 6.30288
2424.91 7.80002
2426.91 6.39056
2428.91 6.35645
2430.91 7.35105
2432.91 6.96937
2434.91 7.41951
2436.91 6.87742
2438.91 6.87964
2440.91 6.48326
2442.91 7.64073
2444.91 7.08960
2446.91 7.33780
2448.91 6.93973
2450.91 7.76366
2452.91 7.33800
2454.91 7.43291
2456.91 7.75664
2458.91 7.72193
2460.91 5.89000
2462.91 7.78644
2464.91 7.74883
2466.91 7.74508
2468.91 7.41246
2470.91 6.33107
2472.91 7.03929
2474.91 7.79409
2476.91 7.32972
2478.91 7.72913
2480.91 7.34939
2482.91 7.36212
2484.91 6.01464
2486.91 7.75959
2488.91 7.25979
2490.91 7.72913
2492.91 7.22376
2494.91 5.97291
2496.91 7.76541
2498.91 7.72065
2500.91 7.72889
2502.91 6.09154
2504.91 5.09969
2506.91 6.45168
2508.91 7.67023
2510.91 7.78851
2512.91 7.31716
2514.91 7.79075
2516.91 7.67001
2518.91 7.31881
2520.91 7.28988
2522.91 7.73237
2524.91 7.80497
2526.91 6.03914
2528.91 5.04557
2530.91 7.89556
2532.91 7.77622
2534.91 7.76512
2536.91 7.37043
2538.91 5.98624
2540.91 7.31244
2542.91 7.27371
2544.91 7.08320
2546.91 7.72962
2548.91 7.74010
2550.91 7.74735
2552.91 7.33159
2554.91 7.81763
2556.91 6.01466
2558.91 5.04889
2560.91 8.05766
2562.91 7.28330
2564.91 7.76512
2566.91 7.76541
2568.91 7.74883
2570.91 5.51384
2572.91 7.65987
2574.91 7.76015
2576.91 6.74517
2578.91 7.79761
2580.91 7.31244
2582.91 5.67000
2584.91 5.87795
2586.91 7.02289
2588.91 7.79026
2590.91 7.36081
2592.91 7.33489
2594.91 7.75058
2596.91 7.68480
2598.91 7.01349
2600.91 7.70955
2602.91 7.45118
2604.91 5.98900
2606.91 7.69541
2608.91 7.27261
2610.91 7.32002
2612.91 7.77388
2614.91 5.97026
2616.91 7.75959
2618.91 6.93372
2620.91 7.78851
2622.91 7.32046
2624.91 6.76419
2626.91 7.67787
2628.91 6.79933
2630.91 7.58681
2632.91 5.80040
2634.91 7.48122
2636.91 7.44782
2638.91 7.43784
2640.91 6.11654
2642.91 7.37392
2644.91 7.70431
2646.91 7.53698
2648.91 9.31808
2650.91 7.72588
2652.91 6.92558
2654.91 6.70527
2656.91 6.58989
2658.91 2.64505
2661.301 3.90546
2663.301 7.25219
2665.301 4.84271
2667.301 7.58665
2669.301 6.17168
2671.301 7.49806
2673.301 7.20525
2675.301 5.28603
2677.301 7.75959
2679.301 7.59700
2681.301 7.50141
2683.301 7.59708
2685.301 7.41962
2687.301 5.20905
2689.301 7.82080
2691.301 7.15691
2693.301 7.20491
2695.301 7.85796
2697.301 7.23321
2699.301 6.23245
2701.301 4.81280
2703.301 5.39879
2705.301 6.32221
2707.301 7.27589
2709.301 6.47596
2711.301 7.17031
2713.301 3.45718
2715.301 6.89878
2717.301 7.04990
2719.301 6.43741
2721.301 6.99557
2723.301 7.16422
2725.301 6.43805
2727.301 6.46778
2729.301 7.01550
2731.301 7.01550
2733.301 3.99715
2735.301 2.85534
2737.429 7.41840
2739.429 8.03529
2741.429 6.87631
2743.429 7.07071
2745.429 7.37060
2747.429 7.48955
2749.429 7.45937
2751.429 7.51662
2753.429 7.39828
2755.429 5.43132
2757.429 5.07571
2759.429 7.16545
2761.429 6.66843
2763.429 7.27710
2765.429 7.28356
2767.429 6.77106
2769.429 5.56568
2771.429 7.68096
2773.429 7.29077
2775.429 6.76953
2777.429 6.80530
2779.429 7.09782
2781.429 6.68143
2783.429 7.21432
2785.429 7.36046
2787.429 7.32519
2789.429 5.73069
2791.429 8.05286
2793.429 7.32046
2795.429 7.37542
2797.429 7.29481
2799.429 4.63437
2801.429 7.69154
2803.429 7.23973
2805.429 7.40315
2807.429 7.30750
2809.429 7.34793
2811.429 4.87151
2813.429 7.81235
2815.429 5.82439
2817.429 5.97692
2819.429 7.17715
2821.429 6.74060
2823.429 6.79557
2825.429 4.70610
2827.429 4.61067
2829.429 8.03400
2831.429 7.34131
2833.429 7.90089
2835.429 7.47789
2837.429 7.57463
2839.429 7.56097
2841.429 7.68333
2843.429 7.37129
2845.429 5.70980
2847.429 7.81763
2849.429 7.45271
2851.429 7.53701
2853.429 7.53191
2855.429 5.37750
2857.429 7.51491
2859.429 7.28849
2861.429 7.55407
2863.429 6.87565
2865.429 7.75812
2867.429 7.59015
2869.429 7.33945
2871.429 7.43616
2873.429 7.48624
2875.429 5.74655
2877.429 7.18938
2879.429 6.75430
2881.429 7.52850
2883.429 7.55918
2885.429 7.62497
2887.429 5.76729
2889.429 8.00272
2891.429 7.50983
2893.429 7.54209
2895.429 6.99289
2897.429 7.01603
2899.429 5.76295
2901.429 7.13192
2903.429 7.32849
2905.429 6.45861
2907.429 7.96869
2909.429 7.41818
2911.429 7.41293
2913.429 7.33780
2915.429 7.21236
2917.429 6.45091
2919.429 5.20534
2921.429 6.62178
2923.429 7.17267
2925.429 4.07559
2927.429 7.69521
2929.429 7.15246
2931.429 7.25190
2933.429 7.18776
2935.429 4.29618
2937.429 7.91607
2939.429 6.09010
2941.429 6.55780
2943.429 7.29127
2945.429 7.83032
2947.429 4.31511
2949.429 7.70409
2951.429 7.13877
2953.429 7.24565
2955.429 8.01110
2957.429 5.27411
2959.429 6.95600
2961.429 7.34939
2963.429 7.45118
2965.429 6.94973
2967.429 7.53698
2969.429 7.27371
2971.429 7.14924
2973.429 7.16014
2975.429 7.30608
2977.429 7.45789
2979.429 7.48796
2981.429 7.52170
2983.429 7.53867
2985.429 7.15408
2987.429 7.38857
2989.429 7.34131
2991.429 7.36396
2993.429 7.56599
2995.429 3.87005
2997.429 7.99969
2999.429 7.56088
3001.429 6.80023
3003.429 7.53698
3005.429 8.05831
3007.429 7.46280
3009.429 6.93841
3011.429 7.69057
3013.429 7.08544
3015.429 7.31244
3017.429 7.51660
3019.429 7.54549
3021.429 7.96510
3023.429 6.11870
3025.429 7.15125
3027.429 7.68823
3029.429 7.34396
3031.429 7.57634
3033.429 7.51322
3035.429 7.00394
3037.429 7.28382
3039.429 7.59357
3041.429 7.55403
3043.429 7.57292
3045.429 7.96869
3047.429 8.07286
3049.429 6.75278
3051.429 7.55918
3053.429 7.55918
3055.429 7.53528
3057.429 7.39508
3059.429 7.33344
3061.429 7.03821
3063.429 7.03702
3065.429 7.43720
3067.429 7.37209
3069.429 7.14118
3071.429 7.44287
3073.429 7.47785
3075.429 6.75582
3077.429 6.69635
3079.429 5.70722
3081.429 7.26933
3083.429 7.25517
3085.429 7.54552
3087.429 7.58495
3089.429 7.52339
3091.429 7.55403
3093.429 5.75669
3095.429 7.77768
3097.429 7.08937
3099.429 7.32211
3101.429 7.55918
3103.429 7.51323
3105.429 5.63873
3107.429 7.41472
3109.429 7.04355
3111.429 7.02236
3113.429 7.45446
3115.429 5.68904
3117.429 7.05319
3119.429 5.73069
3121.429 7.79650
3123.429 7.50308
3125.429 7.50051
3127.429 6.78716
3129.429 7.14199
3131.429 7.24045
3133.429 4.63211
3135.429 7.18650
3137.429 7.41806
3139.429 7.53528
3141.429 7.36378
3143.429 7.45102
3145.429 5.79033
3147.429 7.26742
3149.429 7.01129
3151.429 7.47953
3153.429 7.52850
3155.429 7.07502
3157.429 7.86190
3159.429 7.49631
3161.429 7.48796
3163.429 7.39314
3165.429 7.16098
3167.429 5.70518
3169.429 5.90164
3171.429 6.16473
3173.429 6.17154
3175.429 7.43952
3177.429 5.80282
3179.429 7.91786
3181.429 7.55918
3183.429 7.42140
3185.429 7.53019
3187.429 7.42297
3189.429 7.19713
3191.429 7.50985
3193.429 7.54889
3195.429 7.30115
3197.429 5.55054
3199.429 7.15045
3201.429 7.54889
3203.429 7.20328
3205.429 7.22213
3207.429 7.51322
3209.429 5.77140
3211.429 3.97505
3213.429 8.00027
3215.429 7.55410
3217.429 7.47785
3219.429 7.53187
3221.429 7.40482
3223.429 7.44631
3225.429 4.03892
3227.429 4.73402
3229.429 4.68994
3231.429 6.12215
3233.429 7.42129
3235.429 6.61372
3237.429 7.55059
3239.429 7.17031
3241.429 7.46280
3243.429 7.58324
3245.429 7.36562
3247.429 7.55918
3249.429 7.14723
3251.429 4.63332
3253.429 5.53257
3255.429 6.05009
3257.429 4.66777
3259.429 4.49983
3261.429 6.77105
3263.429 6.75278
3265.429 7.15125
3267.429 6.74369
3269.429 6.05831
3271.429 6.35691
3273.429 7.41150
3275.429 7.23422
3277.429 7.52850
3279.429 5.09593
3281.429 6.48326
3283.429 6.62537
3285.429 7.30750
3287.429 3.81593
3289.429 3.53704
3291.429 4.77722
3293.429 7.61432
3295.429 7.05846
3297.429 7.38690
3299.429 7.58665
3301.429 5.79294
3303.429 7.86013
3305.429 7.43458
3307.429 7.18938
3309.429 7.60918
3311.429 7.59529
3313.429 2.33570
3316.288 7.03693
3318.288 6.45056
3320.288 4.13717
3322.288 8.04187
3324.288 7.66210
3326.288 6.93237
3328.288 5.39929
3330.288 7.07071
3332.288 7.51661
3334.288 7.49468
3336.288 7.52680
3338.288 6.28958
3340.288 7.15246
3342.288 6.40283
3344.288 6.86239
3346.288 7.22050
3348.288 7.18362
3350.288 4.81367
3352.288 3.27319
3354.324 8.07420
3356.324 7.51322
3358.324 7.52170
3360.324 2.36039
3363.155 7.59889
3365.155 2.97119
3367.402 3.90741
3369.402 4.68851
3371.402 5.35694
3373.402 5.67936
3375.402 4.72929
3377.402 5.79797
3379.402 5.98087
3381.402 6.41408
3383.402 5.65209
3385.402 5.05394
3387.402 5.92133
3389.402 7.98831
3391.402 7.11069
3393.402 7.54725
3395.402 7.08892
3397.402 6.54041
3399.402 7.03986
3401.402 6.87167
3403.402 5.64222
3405.402 7.14079
3407.402 6.88674
3409.402 6.94817
3411.402 6.97781
3413.402 5.57320
3415.402 2.73331
3417.844 5.99842
3419.844 5.61941
3421.844 6.92870
3423.844 6.93433
3425.844 7.01550
3427.844 6.94720
3429.844 6.14191
3431.844 6.92246
3433.844 5.49610
3435.844 5.00957
3437.844 5.97827
3439.844 6.89139
3441.844 6.89230
3443.844 6.90657
3445.844 6.92246
3447.844 6.84197
3449.844 6.77105
3451.844 6.93998
3453.844 6.91747
3455.844 3.63037
3457.844 4.57596
3459.844 6.95287
3461.844 6.27916
3463.844 6.73992
3465.844 6.63731
3467.844 4.74840
3469.844 6.57759
3471.844 7.06753
3473.844 6.96366
3475.844 5.87541
3477.844 5.96094
3479.844 4.26855
3481.844 6.60420
3483.844 5.75410
3485.844 6.07348
3487.844 7.26470
3489.844 6.56574
3491.844 6.02416
3493.844 6.97881
3495.844 6.30146
3497.844 6.92402
3499.844 5.98498
3501.844 7.10151
3503.844 2.96726
3506.096 6.39417
3508.096 5.73432
3510.096 4.70278
3512.096 7.19713
3514.096 7.19586
3516.096 7.20845
3518.096 7.16183
3520.096 7.15592
3522.096 6.77109
3524.096 7.38676
3526.096 7.41150
3528.096 6.91435
3530.096 7.01392
3532.096 6.93589
3534.096 7.21595
3536.096 6.87696
3538.096 7.35084
3540.096 7.78501
3542.096 7.35232
3544.096 6.76495
3546.096 6.73183
3548.096 6.37858
3550.096 7.28685
3552.096 7.41126
3554.096 6.93998
3556.096 7.57280
3558.096 7.36378
3560.096 7.51831
3562.096 7.11637
3564.096 6.82336
3566.096 6.54240
3568.096 7.26961
3570.096 7.59007
3572.096 6.11821
3574.096 7.20424
3576.096 7.45513
3578.096 7.01287
3580.096 7.48628
3582.096 6.40716
3584.096 7.19424
3586.096 3.47257
3588.096 8.01110
3590.096 7.51492
3592.096 7.27779
3594.096 2.79305
3596.489 5.36797
3598.489 8.06427
3600.489 7.45118
3602.489 7.50985
3604.489 7.54725
3606.489 7.04722
3608.489 7.26797
3610.489 7.64232
3612.489 7.55407
3614.489 7.09645
3616.489 7.35915
3618.489 7.25190
3620.489 7.62130
3622.489 5.74419
3624.489 7.20653
3626.489 7.38161
3628.489 7.26170
3630.489 6.69635
3632.489 7.11637
3634.489 5.59367
3636.489 7.69694
3638.489 7.21432
3640.489 6.93148
3642.489 6.34433
3644.489 6.70005
3646.489 5.10578
3648.489 6.15210
3650.489 5.51674
3652.489 6.36617
3654.489 3.49804
3656.489 4.81128
3658.489 5.72320
3660.489 7.25815
3662.489 7.52170
3664.489 7.50985
3666.489 5.50020
3668.489 6.96995
3670.489 7.54552
3672.489 7.57463
3674.489 7.52850
3676.489 7.55747
3678.489 5.52464
3680.489 7.21236
3682.489 7.51830
3684.489 6.86393
3686.489 7.25786
3688.489 7.05149
3690.489 4.58849
3692.489 8.00150
3694.489 7.28356
3696.489 6.04878
3698.489 7.06912
3700.489 7.00813
3702.489 6.97466
3704.489 6.41187
3706.489 5.99307
3708.489 4.57708
3710.489 7.09805
3712.489 7.47621
3714.489 7.48793
3716.489 7.37060
3718.489 7.26633
3720.489 6.03368
3722.489 3.76042
3724.489 7.89511
3726.489 6.96581
3728.489 6.96581
3730.489 7.46280
3732.489 7.60051
3734.489 5.36314
3736.489 6.58111
3738.489 6.98095
3740.489 6.90409
3742.489 6.96325
3744.489 6.20190
3746.489 6.20505
3748.489 6.23265
3750.489 6.28233
3752.489 6.54491
3754.489 7.35105
3756.489 5.48372
3758.489 6.45964
3760.489 7.41484
3762.489 6.95287
3764.489 6.95443
3766.489 6.25074
3768.489 7.53869
3770.489 7.29645
3772.489 6.34482
3774.489 7.20362
3776.489 6.00652
3778.489 4.40869
3780.489 6.04597
3782.489 6.89385
3784.489 7.04246
3786.489 6.26596
3788.489 7.22213
3790.489 6.39813
3792.489 7.25517
3794.489 7.55403
3796.489 6.02550
3798.489 6.61671
3800.489 7.31881
3802.489 6.89943
3804.489 3.82593
3806.489 6.26149
3808.489 7.44287
3810.489 7.40495
3812.489 7.57463
3814.489 7.47949
3816.489 6.57463
3818.489 6.96738
3820.489 6.92308
3822.489 7.48459
3824.489 7.00709
3826.489 5.23628
3828.489 7.25517
3830.489 7.16944
3832.489 7.20978
3834.489 6.25422
3836.489 5.27947
3838.489 6.15462
3840.489 5.49486
3842.489 7.17591
3844.489 6.22205
3846.489 6.01600
3848.489 7.14884
3850.489 6.73683
3852.489 7.19516
3854.489 2.73892
3856.926 6.02959
3858.926 8.01590
3860.926 7.25815
3862.926 7.18812
3864.926 7.25190
3866.926 6.57167
3868.926 6.73689
3870.926 6.92558
3872.926 6.87742
3874.926 6.88429
3876.926 6.28958
3878.926 7.18812
3880.926 7.17641
3882.926 7.24565
3884.926 7.25786
3886.926 5.24211
3888.926 6.01194
3890.926 7.21757
3892.926 2.79675
3895.311 6.04597
3897.311 5.58934
3899.311 7.98360
3901.311 4.48473
3903.311 7.75407
3905.311 7.22018
3907.311 6.55325
3909.311 6.94563
3911.311 6.89943
3913.311 6.88674
3915.311 6.23668
3917.311 5.43990
3919.311 7.95971
3921.311 7.21074
3923.311 7.24342
3925.311 7.22376
3927.311 6.54587
3929.311 6.62775
3931.311 4.27063
3933.311 5.74113
3935.311 5.63619
3937.311 5.56693
3939.311 6.63433
3941.311 6.44613
3943.311 6.35515
3945.311 7.16498
3947.311 4.08768
3949.311 7.19713
3951.311 6.87964
3953.311 4.39638
3955.311 4.37789
3957.311 6.28224
3959.311 6.24392
3961.311 6.25985
3963.311 7.47958
3965.311 5.63720
3967.311 6.51292
3969.311 6.19475
3971.311 6.17058
3973.311 6.05015
3975.311 7.04246
3977.311 5.45124
3979.311 6.69798
3981.311 6.47260
3983.311 6.24977
3985.311 5.76036
3987.311 7.44782
3989.311 5.22275
3991.311 6.31936
3993.311 6.16182
3995.311 7.34462
3997.311 3.21757
3999.385 4.95258
4001.385 5.15309
4003.385 4.18197
4005.385 7.66677
4007.385 7.55062
4009.385 5.93029
4011.385 6.68143
4013.385 6.21485
4015.385 6.24111
4017.385 6.16890
4019.385 6.89567
4021.385 7.36230
4023.385 7.60413
4025.385 7.12793
4027.385 7.18488
4029.385 7.43123
4031.385 4.95813
4033.385 6.47404
4035.385 6.49535
4037.385 6.18463
4039.385 6.21967
4041.385 4.90319
4043.385 7.38524
4045.385 6.26855
4047.385 6.33849
4049.385 6.14329
4051.385 6.46152
4053.385 6.20330
4055.385 5.31493
4057.385 7.20525
4059.385 6.92246
4061.385 6.90098
4063.385 6.27020
4065.385 7.62485
4067.385 6.90409
4069.385 7.29950
4071.385 6.79019
4073.385 7.02530
4075.385 7.50856
4077.385 6.74217
4079.385 3.74104
4081.385 5.98503
4083.385 6.29354
4085.385 6.21875
4087.385 3.78883
4089.385 2.88093
4091.551 7.15691
4093.551 6.37368
4095.551 7.24106
4097.551 5.96761
4099.551 5.16607
4101.551 6.42750
4103.551 6.19458
4105.551 7.37177
4107.551 7.44950
4109.551 7.48624
4111.551 6.73537
4113.551 6.21205
4115.551 6.68277
4117.551 6.37225
4119.551 4.66124
4121.551 7.39314
4123.551 7.38025
4125.551 7.72913
4127.551 7.58487
4129.551 5.15773
4131.551 7.27837
4133.551 6.21981
4135.551 7.13755
4137.551 6.38371
4139.551 6.41187
4141.551 6.13948
4143.551 6.05288
4145.551 6.43265
4147.551 6.18203
4149.551 5.90553
4151.551 6.54646
4153.551 5.75950
4155.551 6.22752
4157.551 6.16796
4159.551 6.18745
4161.551 6.93902
4163.551 4.28679
4165.551 7.93976
4167.551 7.44463
4169.551 7.35289
4171.551 7.41293
4173.551 6.23709
4175.551 6.36904
4177.551 6.09986
4179.551 6.46633
4181.551 6.15917
4183.551 6.04603
4185.551 5.47560
4187.551 6.42605
4189.551 5.72399
4191.551 6.03096
4193.551 6.26643
4195.551 6.26195
4197.551 6.89074
4199.551 6.23387
4201.551 5.88580
4203.551 6.46384
4205.551 6.22364
4207.551 6.17784
4209.551 6.63468
4211.551 6.95168
4213.551 4.17067
4215.551 4.56228
4217.551 7.35584
4219.551 7.18776
4221.551 7.02178
4223.551 7.36133
4225.551 5.79909
4227.551 7.22863
4229.551 3.57568
4231.551 8.04356
4233.551 7.55747
4235.551 7.69541
4237.551 5.78141
4239.551 7.99666
4241.551 7.06005
4243.551 7.48643
4245.551 7.66084
4247.551 7.30914
4249.551 5.26511
4251.551 7.00565
4253.551 7.25900
4255.551 7.71914
4257.551 7.54892
4259.551 7.44449
4261.551 7.18387
4263.551 4.58851
4265.551 8.07717
4267.551 7.01028
4269.551 7.46417
4271.551 7.58574
4273.551 7.08540
4275.551 7.58324
4277.551 7.19100
4279.551 7.20294
4281.551 7.05417
4283.551 7.12193
4285.551 7.70974
4287.551 6.94046
4289.551 7.25413
4291.551 6.63680
4293.551 7.34755
4295.551 7.59708
4297.551 7.23096
4299.551 7.53869
4301.551 6.41934
4303.551 7.60736
4305.551 7.50304
4307.551 7.40983
4309.551 7.30750
4311.551 7.38191
4313.551 7.00813
4315.551 7.66722
4317.551 7.40603
4319.551 7.44606
4321.551 7.58153
4323.551 7.01867
4325.551 6.84915
4327.551 2.87092
4329.877 7.75974
4331.877 8.08998
4333.877 7.34119
4335.877 7.69310
4337.877 7.11153
4339.877 7.57292
4341.877 7.57116
4343.877 5.18746
4345.877 6.34482
4347.877 6.15071
4349.877 6.17015
4351.877 6.16361
4353.877 6.21625
4355.877 6.41514
4357.877 6.06500
4359.877 7.37153
4361.877 4.78445
4363.877 6.81639
4365.877 6.94310
4367.877 7.46280
4369.877 6.40101
4371.877 6.49535
4373.877 6.03371
4375.877 6.37152
4377.877 6.18541
4379.877 6.22284
4381.877 7.12107
4383.877 6.49420
4385.877 6.63049
4387.877 5.27744
4389.877 7.19713
4391.877 6.24793
4393.877 3.70540
4395.877 6.35546
4397.877 6.16141
4399.877 7.45095
4401.877 7.67239
4403.877 7.21647
4405.877 7.28623
4407.877 7.67140
4409.877 7.22363
4411.877 7.51151
4413.877 7.51492
4415.877 7.55218
4417.877 5.87329
4419.877 6.90874
4421.877 6.79660
4423.877 7.51159
4425.877 7.54572
4427.877 5.91746
4429.877 7.04469
4431.877 7.33489
4433.877 7.51661
4435.877 7.56263
4437.877 7.05499
4439.877 7.28468
4441.877 5.72036
4443.877 7.07455
4445.877 7.54722
4447.877 7.58495
4449.877 7.65595
4451.877 5.77350
4453.877 6.39738
4455.877 7.48435
4457.877 7.27398
4459.877 7.62130
4461.877 7.36230
4463.877 5.76704
4465.877 7.16081
4467.877 7.68103
4469.877 6.16609
4471.877 7.25517
4473.877 7.42782
4475.877 5.60557
4477.877 7.21236
4479.877 7.43123
4481.877 7.46947
4483.877 7.67564
4485.877 7.11338
4487.877 7.53698
4489.877 7.66402
4491.877 7.49143
4493.877 7.45195
4495.877 6.38972
4497.877 6.33570
4499.877 7.40699
4501.877 7.37181
4503.877 7.23862
4505.877 7.45603
4507.877 6.96259
4509.877 5.76403
4511.877 7.16014
4513.877 7.25815
4515.877 7.06912
4517.877 7.10098
4519.877 6.83833
4521.877 6.22884
4523.877 7.92894
4525.877 7.12084
4527.877 7.50477
4529.877 7.53020
4531.877 7.36728
4533.877 4.31037
4535.877 8.04567
4537.877 7.25536
4539.877 7.58146
4541.877 7.48624
4543.877 7.14924
4545.877 7.17193
4547.877 7.53698
4549.877 7.60468
4551.877 7.25001
4553.877 7.49465
4555.877 5.45231
4557.877 6.39813
4559.877 7.39426
4561.877 7.22291
4563.877 7.67891
4565.877 7.59341
4567.877 6.97527
4569.877 7.66380
4571.877 5.83868
4573.877 7.08521
4575.877 6.81097
4577.877 7.64703
4579.877 7.64426
4581.877 7.46543
4583.877 4.87909
4585.877 7.11347
4587.877 7.33614
4589.877 7.54722
4591.877 7.46942
4593.877 7.44606
4595.877 7.29786
4597.877 7.55403
4599.877 7.50141
4601.877 7.59023
4603.877 3.03057
4606.076 8.00866
4608.076 7.19168
4610.076 7.21075
4612.076 7.45118
4614.076 7.31551
4616.076 7.36562
4618.076 5.78642
4620.076 7.16907
4622.076 7.36312
4624.076 6.42934
4626.076 6.86335
4628.076 6.42260
4630.076 7.48687
4632.076 7.28526
4634.076 7.07343
4636.076 7.55233
4638.076 5.57032
4640.076 5.63652
4642.076 7.00439
4644.076 6.86393
4646.076 7.05734
4648.076 6.83270
4650.076 7.15636
4652.076 7.02464
4654.076 6.39674
4656.076 7.15393
4658.076 6.40990
4660.076 6.85915
4662.076 5.62195
4664.076 7.95184
4666.076 4.09058
4668.076 5.41782
4670.076 6.40876
4672.076 6.23565
4674.076 6.16473
4676.076 5.86019
4678.076 7.50647
4680.076 2.98648
4682.312 6.22871
4684.312 6.06815
4686.312 6.45318
4688.312 3.99757
4690.312 8.01712
4692.312 6.28341
4694.312 5.81015
4696.312 6.46915
4698.312 5.85942
4700.312 5.06496
4702.312 6.42339
4704.312 6.08379
4706.312 6.12412
4708.312 6.68613
4710.312 5.00018
4712.312 7.19713
4714.312 4.41234
4716.312 4.00579
4718.312 7.68920
4720.312 7.11872
4722.312 2.26543
4725.263 7.64019
4727.263 6.14229
4729.263 6.43695
4731.263 6.40678
4733.263 7.21022
4735.263 6.99744
4737.263 7.24895
4739.263 7.65687
4741.263 7.36361
4743.263 6.91057
4745.263 6.22504
4747.263 5.83259
4749.263 6.54203
4751.263 6.18033
4753.263 7.35143
4755.263 7.30777
4757.263 7.51323
4759.263 6.37512
4761.263 4.51607
4763.263 6.45527
4765.263 6.13350
4767.263 6.45236
4769.263 5.89122
4771.263 6.66939
4773.263 7.18208
4775.263 4.83731
4777.263 6.35867
4779.263 6.24111
4781.263 7.30444
4783.263 7.41305
4785.263 7.67731
4787.263 7.14199
4789.263 4.96959
4791.263 6.44509
4793.263 6.14018
4795.263 6.22642
4797.263 6.04078
4799.263 7.76429
4801.263 5.81240
4803.263 6.45450
4805.263 6.45844
4807.263 7.46036
4809.263 7.11669
4811.263 7.05297
4813.263 7.42737
4815.263 7.46947
4817.263 7.42788
4819.263 7.32993
4821.263 7.50477
4823.263 7.55577
4825.263 7.21236
4827.263 5.81861
4829.263 7.18613
4831.263 7.33790
4833.263 7.24486
4835.263 7.56906
4837.263 5.76555
4839.263 7.32680
4841.263 6.12255
4843.263 7.43570
4845.263 7.36413
4847.263 7.37392
4849.263 7.52844
4851.263 7.67475
4853.263 6.35300
4855.263 7.48126
4857.263 6.52866
4859.263 6.40791
4861.263 6.08873
4863.263 6.07934
4865.263 7.86653
4867.263 6.23324
4869.263 6.87220
4871.263 7.16336
4873.263 5.74479
4875.263 6.48756
4877.263 6.25281
4879.263 6.40716
4881.263 6.68294
4883.263 5.71288
4885.263 3.96355
4887.263 6.37113
4889.263 6.14775
4891.263 7.44961
4893.263 7.34131
4895.263 7.02131
4897.263 6.23145
4899.263 3.98505
4901.263 5.99842
4903.263 7.66989
4905.263 7.35308
4907.263 6.33727
4909.263 6.44728
4911.263 6.83608
4913.263 6.27400
4915.263 6.61102
4917.263 7.02236
4919.263 6.23668
4921.263 6.11406
4923.263 7.27097
4925.263 5.69390
4927.263 7.47905
4929.263 6.97017
4931.263 4.49110
4933.263 6.58736
4935.263 7.46865
4937.263 7.02995
4939.263 7.64533
4941.263 7.31584
4943.263 7.65517
4945.263 7.38754
4947.263 6.72368
4949.263 6.45126
4951.263 7.13462
4953.263 5.90761
4955.263 5.02712
4957.263 6.46998
4959.263 5.83319
4961.263 6.60478
4963.263 6.37581
4965.263 6.41881
4967.263 6.38026
4969.263 6.46529
4971.263 5.89298
4973.263 6.44249
4975.263 5.03631
4977.263 6.18094
4979.263 6.26462
4981.263 7.24051
4983.263 6.53680
4985.263 7.45950
4987.263 6.15613
4989.263 5.22850
4991.263 6.36577
4993.263 6.13063
4995.263 6.18233
4997.263 7.47300
4999.263 6.82050
5001.263 7.34755
5003.263 7.17355
5005.263 6.26054
5007.263 4.75985
5009.263 6.45645
5011.263 6.93826
5013.263 7.47976
5015.263 7.14806
5017.263 7.55577
5019.263 7.50477
5021.263 7.16460
5023.263 7.50816
5025.263 4.93789
5027.263 7.27890
5029.263 7.18128
5031.263 7.24372
5033.263 7.22701
5035.263 7.23718
5037.263 4.98613
5039.263 7.51480
5041.263 6.31026
5043.263 7.13795
5045.263 2.43239
5048.145 7.65276
5050.145 6.58260
5052.145 7.40732
5054.145 6.85261
5056.145 6.54240
5058.145 6.26737
5060.145 5.77735
5062.145 6.41004
5064.145 7.80112
5066.145 7.78118
5068.145 7.38499
5070.145 7.07278
5072.145 7.58108
5074.145 7.26769
5076.145 6.66808
5078.145 7.72780
5080.145 7.30900
5082.145 7.52932
5084.145 5.69027
5086.145 6.06116
5088.145 6.32279
5090.145 6.31849
5092.145 6.24935
5094.145 6.39889
5096.145 6.69333
5098.145 6.28649
5100.145 4.59285
5102.145 6.96893
5104.145 7.72470
5106.145 7.35898
5108.145 7.33243
5110.145 7.79761
5112.145 8.10550
5114.145 7.35289
5116.145 7.78051
5118.145 7.38205
5120.145 7.38554
5122.145 7.38692
5124.145 6.61448
5126.145 6.70981
5128.145 6.05568
5130.145 7.75977
5132.145 6.49277
5134.145 6.26532
5136.145 6.69487
5138.145 5.90277
5140.145 7.34129
5142.145 6.31502
5144.145 6.30797
5146.145 6.24408
5148.145 7.65442
5150.145 7.33682
5152.145 7.79710
5154.145 5.92684
5156.145 7.75700
5158.145 7.81375
5160.145 7.81301
5162.145 7.40652
5164.145 7.48642
5166.145 7.64896
5168.145 5.97160
5170.145 6.26832
5172.145 5.05632
5174.145 6.46298
5176.145 6.22645
5178.145 7.25979
5180.145 7.21803
5182.145 5.61820
5184.145 7.77799
5186.145 7.36596
5188.145 7.81868
5190.145 7.75206
5192.145 7.77858
5194.145 7.49997
5196.145 5.95617
5198.145 7.35566
5200.145 6.03097
5202.145 7.68453
5204.145 7.39543
5206.145 7.76693
5208.145 7.21273
5210.145 6.78338
5212.145 5.95434
5214.145 6.56940
5216.145 7.53504
5218.145 7.34127
5220.145 7.79727
5222.145 5.69292
5224.145 7.76240
5226.145 6.69689
5228.145 7.09760
5230.145 7.52165
5232.145 7.49909
5234.145 7.82291
5236.145 6.15348
5238.145 6.36828
5240.145 6.23949
5242.145 7.27371
5244.145 7.23882
5246.145 4.85377
5248.145 6.75314
5250.145 6.74995
5252.145 6.19179
5254.145 6.18635
5256.145 6.16682
5258.145 6.18461
5260.145 6.52908
5262.145 6.24607
5264.145 6.45623
5266.145 6.21065
5268.145 6.08318
5270.145 7.24402
5272.145 6.99187
5274.145 6.93470
5276.145 5.47122
5278.145 7.26330
5280.145 4.34827
5282.145 7.98056
5284.145 5.72540
5286.145 7.46557
5288.145 5.75432
5290.145 6.94973
5292.145 7.20816
5294.145 6.09250
5296.145 6.51684
5298.145 5.57329
5300.145 7.89728
5302.145 5.14771
5304.145 5.88743
5306.145 7.22443
5308.145 7.19771
5310.145 7.24402
5312.145 7.19806
5314.145 6.18452
5316.145 7.35760
5318.145 7.12207
5320.145 6.95337
5322.145 5.34742
5324.145 6.07571
5326.145 5.60802
5328.145 6.10069
5330.145 6.40603
5332.145 6.99072
5334.145 6.04151
5336.145 6.09120
5338.145 7.47058
5340.145 7.03872
5342.145 6.25008
5344.145 7.20540
5346.145 4.15957
5348.145 7.26648
5350.145 7.62485
5352.145 6.26008
5354.145 4.32625
5356.145 8.06331
5358.145 6.23567
5360.145 5.76936
5362.145 5.15929
5364.145 7.72715
5366.145 6.02825
5368.145 6.36219
5370.145 6.44509
5372.145 6.29808
5374.145 7.67485
5376.145 7.24997
5378.145 6.24251
5380.145 6.27018
5382.145 7.11290
5384.145 5.73198
5386.145 7.22864
5388.145 6.38087
5390.145 6.86723
5392.145 7.77793
5394.145 7.34807
5396.145 7.80738
5398.145 7.29625
5400.145 6.31054
5402.145 6.29384
5404.145 7.70976
5406.145 7.79639
5408.145 7.30514
5410.145 7.34716
5412.145 7.36046
5414.145 7.40330
5416.145 6.47957
5418.145 6.01600
5420.145 6.51978
5422.145 6.37978
5424.145 7.69694
5426.145 6.68361
5428.145 7.76797
5430.145 6.29732
5432.145 7.79409
5434.145 7.32705
5436.145 7.39573
5438.145 6.62514
5440.145 7.82115
5442.145 6.50059
5444.145 7.78294
5446.145 6.56022
5448.145 6.32535
5450.145 6.08050
5452.145 6.18650
5454.145 5.63584
5456.145 5.99482
5458.145 7.65255
5460.145 6.64005
5462.145 6.27044
5464.145 6.24111
5466.145 5.36591
5468.145 6.42036
5470.145 6.18005
5472.145 5.69686
5474.145 7.96246
5476.145 7.12751
5478.145 6.30639
5480.145 7.13230
5482.145 7.75637
5484.145 7.76190
5486.145 5.85578
5488.145 7.96624
5490.145 5.13810
5492.145 6.23312
5494.145 6.26068
5496.145 6.16107
5498.145 6.10001
5500.145 7.24402
5502.145 7.22475
5504.145 7.18831
5506.145 7.17355
5508.145 7.81093
5510.145 7.36230
5512.145 7.34589
5514.145 7.82186
5516.145 6.29552
5518.145 7.25160
5520.145 7.26797
5522.145 7.23027
5524.145 7.25680
5526.145 7.21236
5528.145 7.33489
5530.145 7.36046
5532.145 7.80916
5534.145 7.37193
5536.145 6.27966
5538.145 4.23948
5540.145 7.85121
5542.145 7.18164
5544.145 7.22213
5546.145 7.20525
5548.145 7.79409
5550.145 7.79026
5552.145 7.79761
5554.145 7.81552
5556.145 6.28584
5558.145 7.22833
5560.145 7.22311
5562.145 7.25815
5564.145 4.64844
5566.145 7.21107
5568.145 7.81025
5570.145 7.83105
5572.145 7.37043
5574.145 7.37043
5576.145 6.30485
5578.145 7.21855
5580.145 7.19713
5582.145 7.22050
5584.145 7.22018
5586.145 5.93966
5588.145 7.15652
5590.145 6.46341
5592.145 7.74735
5594.145 6.47393
5596.145 5.57424
5598.145 6.38803
5600.145 6.16487
5602.145 6.18762
5604.145 7.42827
5606.145 7.20849
5608.145 7.82503
5610.145 7.36378
5612.145 6.77183
5614.145 6.22403
5616.145 6.28675
5618.145 6.26926
5620.145 7.66884
5622.145 6.29462
5624.145 6.29889
5626.145 7.71126
5628.145 5.11268
5630.145 6.46239
5632.145 7.64073
5634.145 7.77943
5636.145 7.74010
5638.145 7.33800
5640.145 7.77447
5642.145 5.08905
5644.145 6.46574
5646.145 6.25466
5648.145 6.26054
5650.145 6.81613
5652.145 6.39274
5654.145 6.77948
5656.145 7.81200
5658.145 7.36212
5660.145 5.37299
5662.145 7.72216
5664.145 6.00651
5666.145 6.83580
5668.145 6.27541
5670.145 5.26934
5672.145 8.06493
5674.145 6.31880
5676.145 7.84596
5678.145 7.81879
5680.145 7.80304
5682.145 8.13627
5684.145 7.78324
5686.145 7.81728
5688.145 6.01872
5690.145 6.32079
5692.145 6.94094
5694.145 6.28199
5696.145 7.70974
5698.145 7.34627
5700.145 6.27609
5702.145 5.06316
5704.145 6.46487
5706.145 7.72343
5708.145 6.88274
5710.145 6.41004
5712.145 7.79585
5714.145 7.37542
5716.145 7.78531
5718.145 7.26170
5720.145 5.81031
5722.145 7.72541
5724.145 7.78469
5726.145 7.81763
5728.145 7.38358
5730.145 7.37858
5732.145 7.36413
5734.145 7.28637
5736.145 7.13666
5738.145 6.26314
5740.145 5.79778
5742.145 7.77738
5744.145 7.77388
5746.145 7.81939
5748.145 7.36247
5750.145 7.32849
5752.145 7.80112
5754.145 7.37375
5756.145 7.78675
5758.145 5.72216
5760.145 7.82151
5762.145 7.70041
5764.145 7.37060
5766.145 7.81371
5768.145 5.90877
5770.145 7.78675
5772.145 7.81411
5774.145 7.79441
5776.145 7.82327
5778.145 7.34939
5780.145 7.57121
5782.145 7.79093
5784.145 7.81190
5786.145 6.00247
5788.145 7.80321
5790.145 7.37375
5792.145 7.81200
5794.145 7.34755
5796.145 7.75058
5798.145 7.36728
5800.145 7.31244
5802.145 5.99037
5804.145 7.76687
5806.145 7.81025
5808.145 7.77037
5810.145 7.36333
5812.145 5.98071
5814.145 7.79202
5816.145 7.82679
5818.145 7.36860
5820.145 7.77388
5822.145 7.80673
5824.145 7.75959
5826.145 5.96623
5828.145 7.80815
5830.145 7.35767
5832.145 7.31386
5834.145 7.81587
5836.145 7.81025
5838.145 7.77828
5840.145 5.87951
5842.145 7.78531
5844.145 7.77768
5846.145 7.82151
5848.145 7.32211
5850.145 5.99575
5852.145 5.88712
5854.145 7.70236
5856.145 7.69694
5858.145 7.29481
5860.145 6.03366
5862.145 7.83989
5864.145 7.38025
5866.145 7.82327
5868.145 7.34627
5870.145 7.78294
5872.145 7.79761
5874.145 7.37043
5876.145 5.99978
5878.145 7.82115
5880.145 7.36527
5882.145 7.80288
5884.145 7.36081
5886.145 6.01600
5888.145 7.80321
5890.145 7.36562
5892.145 7.38327
5894.145 7.76134
5896.145 7.81906
5898.145 7.36691
5900.145 7.78500
5902.145 7.38191
5904.145 7.28798
5906.145 7.77417
5908.145 7.79377
5910.145 7.73063
5912.145 5.87951
5914.145 7.81974
5916.145 7.76512
5918.145 7.38225
5920.145 7.76276
5922.145 7.33655
5924.145 7.78118
5926.145 7.77563
5928.145 5.77719
5930.145 7.78626
5932.145 7.32849
5934.145 7.33965
5936.145 7.82186
5938.145 5.71237
5940.145 7.79553
5942.145 7.33262
5944.145 7.70866
5946.145 7.67559
5948.145 7.31079
5950.145 7.40482
5952.145 7.36413
5954.145 7.74883
5956.145 7.80464
5958.145 7.31573
5960.145 7.78675
5962.145 7.37676
5964.145 6.00247
5966.145 6.61820
5968.145 7.80849
5970.145 7.81974
5972.145 7.79202
5974.145 5.99843
5976.145 8.11171
5978.145 7.29596
5980.145 7.38009
5982.145 7.77271
5984.145 6.33278
5986.145 8.08263
5988.145 7.33489
5990.145 7.79936
5992.145 7.35584
5994.145 7.77271
5996.145 7.80673
5998.145 7.82291
6000.145 7.80464
6002.145 7.37193
6004.145 5.92384
6006.145 8.06674
6008.145 6.40571
6010.145 7.84165
6012.145 5.88084
6014.145 7.80354
6016.145 7.80497
6018.145 7.34793
6020.145 7.37558
6022.145 7.78531
6024.145 7.79858
6026.145 7.81132
6028.145 7.34072
6030.145 5.96358
6032.145 7.80112
6034.145 7.35105
6036.145 7.79761
6038.145 7.75407
6040.145 6.00518
6042.145 7.79585
6044.145 7.81269
6046.145 7.79265
6048.145 7.81728
6050.145 5.99708
6052.145 7.79090
6054.145 7.37874
6056.145 7.80354
6058.145 7.35767
6060.145 7.35750
6062.145 7.35566
6064.145 5.99035
6066.145 8.10955
6068.145 6.27609
6070.145 6.77792
6072.145 7.43784
6074.145 5.50640
6076.145 7.12032
6078.145 7.73660
6080.145 7.03720
6082.145 6.89943
6084.145 7.78851
6086.145 5.69261
6088.145 6.69717
6090.145 7.73886
6092.145 7.38524
6094.145 7.34958
6096.145 5.36487
6098.145 7.56258
6100.145 6.21485
6102.145 7.77622
6104.145 7.65093
6106.145 7.59015
6108.145 6.91031
6110.145 7.79936
6112.145 7.18200
6114.145 7.71822
6116.145 7.08846
6118.145 6.52027
6120.145 7.80673
6122.145 7.80639
6124.145 7.53871
6126.145 5.79667
6128.145 7.81587
6130.145 7.38358
6132.145 7.38358
6134.145 7.33820
6136.145 8.03943
6138.145 7.78294
6140.145 5.72191
6142.145 7.82467
6144.145 7.35566
6146.145 7.81235
6148.145 7.34793
6150.145 7.37708
6152.145 7.39508
6154.145 5.76058
6156.145 8.11537
6158.145 7.35418
6160.145 7.36212
6162.145 7.33159
6164.145 7.79377
6166.145 7.80321
6168.145 7.35767
6170.145 6.63618
6172.145 7.80849
6174.145 7.80497
6176.145 5.93966
6178.145 7.77388
6180.145 7.37060
6182.145 7.33324
6184.145 7.34774
6186.145 7.56434
6188.145 7.62485
6190.145 7.81939
6192.145 7.36843
6194.145 7.81939
6196.145 7.76022
6198.145 6.26738
6200.145 7.45950
6202.145 5.20300
6204.145 6.79710
6206.145 8.04858
6208.145 6.45527
6210.145 7.84165
6212.145 7.34296
6214.145 8.08765
6216.145 7.53869
6218.145 7.81728
6220.145 7.37874
6222.145 7.40649
6224.145 7.38676
6226.145 7.37708
6228.145 7.34608
6230.145 7.74857
6232.145 7.79026
6234.145 7.37209
6236.145 5.82570
6238.145 7.79377
6240.145 7.19262
6242.145 7.79026
6244.145 7.35566
6246.145 8.07899
6248.145 5.33433
6250.145 7.56439
6252.145 7.76134
6254.145 7.36562
6256.145 7.55747
6258.145 7.36219
6260.145 7.28119
6262.145 7.75407
6264.145 7.79936
6266.145 7.55573
6268.145 5.64287
6270.145 7.78592
6272.145 7.82295
6274.145 7.35418
6276.145 7.81411
6278.145 4.28818
6280.145 8.08377
6282.145 7.39009
6284.145 7.37558
6286.145 7.88368
6288.145 7.80315
6290.145 7.22050
6292.145 5.97026
6294.145 8.11291
6296.145 7.87399
6298.145 7.37209
6300.145 7.38842
6302.145 5.76080
6304.145 7.76950
6306.145 7.57451
6308.145 7.27452
6310.145 7.32046
6312.145 7.80639
6314.145 7.36081
6316.145 6.02686
6318.145 7.79377
6320.145 7.39688
6322.145 7.54379
6324.145 7.31881
6326.145 7.95330
6328.145 7.31551
6330.145 5.56693
6332.145 7.70041
6334.145 7.36247
6336.145 7.80112
6338.145 7.83598
6340.145 5.63651
6342.145 7.82503
6344.145 7.80145
6346.145 7.86544
6348.145 7.37193
6350.145 6.49488
6352.145 7.78500
6354.145 7.94434
6356.145 7.74735
6358.145 7.78675
6360.145 7.30750
6362.145 6.12218
6364.145 7.47154
6366.145 7.84519
6368.145 7.79026
6370.145 7.79202
6372.145 6.07211
6374.145 7.84128
6376.145 7.62126
6378.145 7.86977
6380.145 7.32067
6382.145 7.81411
6384.145 7.79441
6386.145 7.81025
6388.145 7.82503
6390.145 5.99440
6392.145 7.79761
6394.145 7.38524
6396.145 7.81059
6398.145 7.33800
6400.145 5.99037
6402.145 7.79409
6404.145 7.33159
6406.145 7.81763
6408.145 7.39189
6410.145 7.79377
6412.145 7.36694
6414.145 5.97827
6416.145 8.11027
6418.145 7.80639
6420.145 7.79409
6422.145 7.38206
6424.145 7.54552
6426.145 7.83422
6428.145 7.77037
6430.145 7.36396
6432.145 5.69619
6434.145 7.76366
6436.145 7.77768
6438.145 7.30750
6440.145 7.78294
6442.145 5.69674
6444.145 7.82115
6446.145 8.26455
6448.145 7.33655
6450.145 7.76716
6452.145 7.34462
6454.145 7.73262
6456.145 7.78851
6458.145 7.83032
6460.145 7.94205
6462.145 7.63173
6464.145 5.94630
6466.145 8.09243
6468.145 7.81587
6470.145 7.76716
6472.145 7.31312
6474.145 7.34052
6476.145 7.79377
6478.145 7.33014
6480.145 7.79202
6482.145 5.89387
6484.145 7.77037
6486.145 7.76366
6488.145 7.79409
6490.145 7.81939
6492.145 5.99710
6494.145 7.77417
6496.145 7.79761
6498.145 7.80112
6500.145 7.79936
6502.145 5.65912
6504.145 7.76134
6506.145 8.25062
6508.145 5.51177
6510.145 6.96424
6512.145 7.55062
6514.145 7.57634
6516.145 7.53020
6518.145 7.34793
6520.145 7.44782
6522.145 7.55233
6524.145 7.53188
6526.145 7.57804
6528.145 5.18693
6530.145 7.86327
6532.145 6.98196
6534.145 7.59015
6536.145 6.98196
6538.145 7.57634
6540.145 5.69105
6542.145 8.05467
6544.145 7.50476
6546.145 7.56258
6548.145 4.80090
6550.145 7.12632
6552.145 5.27018
6554.145 7.03771
6556.145 7.75058
6558.145 6.91528
6560.145 7.08877
6562.145 7.36696
6564.145 5.83836
6566.145 7.02605
6568.145 7.49808
6570.145 7.02974
6572.145 7.50145
6574.145 6.63468
6576.145 7.44934
6578.145 7.13716
6580.145 7.02131
6582.145 7.78675
6584.145 7.30726
6586.145 7.77828
6588.145 7.26606
6590.145 7.74385
6592.145 7.99011
6594.145 7.37858
6596.145 7.37343
6598.145 7.76920
6600.145 7.80145
6602.145 7.17966
6604.145 7.71148
6606.145 5.66076
6608.145 7.77768
6610.145 7.71104
6612.145 7.75287
6614.145 7.45782
6616.145 5.99705
6618.145 7.74910
6620.145 7.74735
6622.145 7.78675
6624.145 7.72913
6626.145 6.39669
6628.145 8.10479
6630.145 7.28521
6632.145 7.23616
6634.145 7.79761
6636.145 7.33159
6638.145 7.35400
6640.145 7.75959
6642.145 7.22833
6644.145 7.38025
6646.145 6.99289
6648.145 7.82186
6650.145 7.38676
6652.145 7.33138
6654.145 7.72193
6656.145 7.11990
6658.145 7.73112
6660.145 7.80288
6662.145 7.73311
6664.145 7.35418
6666.145 7.08732
6668.145 7.75609
6670.145 7.77213
6672.145 7.39828
6674.145 7.39009
6676.145 7.10516
6678.145 7.77477
6680.145 7.75959
6682.145 7.79026
6684.145 7.78118
6686.145 6.00517
6688.145 7.80497
6690.145 7.29926
6692.145 7.74010
6694.145 7.29127
6696.145 7.70409
6698.145 7.36562
6700.145 7.32952
6702.145 7.33965
6704.145 7.76541
6706.145 7.69694
6708.145 5.92784
6710.145 7.79936
6712.145 7.21432
6714.145 7.29317
6716.145 7.71995
6718.145 5.67168
6720.145 7.73810
6722.145 7.30585
6724.145 7.75812
6726.145 7.81235
6728.145 7.31102
6730.145 7.73087
6732.145 7.79936
6734.145 7.67594
6736.145 7.80178
6738.145 5.95950
6740.145 7.72937
6742.145 7.38191
6744.145 7.26769
6746.145 7.65750
6748.145 7.10449
6750.145 7.70757
6752.145 5.94241
6754.145 7.88046
