0.0 0.94300
2.0 1.18737
4.0 1.14462
6.0 0.60143
8.0 1.20247
10.0 1.20165
12.0 1.32592
14.0 0.65513
16.0 1.22344
18.0 0.62797
20.0 1.47790
22.0 0.67896
24.0 1.38499
26.0 1.26442
28.0 0.99677
30.0 0.92326
32.0 1.18171
34.0 0.91733
36.0 1.31137
38.0 1.03445
40.0 0.60898
42.0 0.70371
44.0 0.66404
46.0 0.73420
48.0 2.17526
50.0 1.24197
52.0 1.29165
54.0 0.57709
56.0 1.41670
58.0 0.55555
60.0 1.35789
62.0 0.53970
64.0 0.51467
66.0 1.25097
68.0 0.95751
70.0 0.56906
72.0 0.57387
74.0 1.34072
76.0 0.56283
78.0 1.02566
80.0 0.55312
82.0 0.57833
84.0 1.36563
86.0 1.33580
88.0 0.90937
90.0 3.62631
92.0 4.06080
94.0 0.87406
96.0 3.98190
98.0 0.91270
100.0 4.75722
102.0 2.17203
104.0 5.47954
106.0 5.87276
108.0 4.47383
110.0 6.13333
112.0 1.98851
114.0 4.39274
116.0 2.86314
118.0 1.12116
120.0 4.61644
122.0 4.01466
124.0 4.37831
126.0 4.07597
128.0 4.65688
130.0 1.56749
132.0 2.86476
134.0 3.82527
136.0 0.96589
138.0 4.25246
140.0 4.43680
142.0 4.88601
144.0 5.12881
146.0 5.65979
148.0 0.96040
150.0 2.86116
152.0 3.98118
154.0 4.13289
156.0 2.24515
158.0 0.85378
160.0 4.78057
162.0 4.12772
164.0 4.16107
166.0 5.92134
168.0 0.95550
170.0 6.92359
172.0 4.59641
174.0 5.08981
176.0 4.51200
178.0 4.39631
180.0 4.60004
182.0 4.16640
184.0 0.86331
186.0 4.52959
188.0 1.61492
190.0 5.71068
192.0 2.87722
194.0 5.09235
196.0 4.46257
198.0 4.50504
200.0 6.79226
202.0 5.09537
204.0 5.65841
206.0 2.09150
208.0 5.86452
210.0 4.97345
212.0 4.42005
214.0 4.10012
216.0 1.47053
218.0 1.14013
220.0 1.46578
222.0 4.04588
224.0 4.54886
226.0 1.09150
228.0 4.44532
230.0 4.25905
232.0 4.90590
234.0 5.17833
236.0 5.94965
238.0 2.19018
240.0 4.87713
242.0 5.50484
244.0 4.32224
246.0 4.29813
248.0 4.02470
250.0 0.97234
252.0 4.34563
254.0 1.11407
256.0 4.70630
258.0 4.19257
260.0 6.33829
262.0 5.88800
264.0 0.55066
266.0 4.14598
268.0 4.13600
270.0 1.77667
272.0 4.14284
274.0 4.43827
276.0 4.37260
278.0 5.92515
280.0 5.30882
282.0 5.51130
284.0 0.96011
286.0 4.50507
288.0 4.28843
290.0 4.36578
292.0 4.08682
294.0 4.39196
296.0 4.74212
298.0 4.95697
300.0 4.24222
302.0 1.01059
304.0 4.63054
306.0 3.92478
308.0 4.17848
310.0 4.65227
312.0 2.22955
314.0 4.43863
316.0 4.43899
318.0 4.07766
320.0 4.41890
322.0 4.35592
324.0 5.19095
326.0 4.76800
328.0 5.08248
330.0 4.49696
332.0 5.04914
334.0 6.04690
336.0 5.02817
338.0 4.96491
340.0 2.19815
342.0 6.04870
344.0 5.32472
346.0 2.36294
348.0 1.46494
350.0 0.95787
352.0 2.27294
354.0 2.25106
356.0 5.12767
358.0 4.62520
360.0 4.83787
362.0 4.48886
364.0 4.59862
366.0 4.70312
368.0 4.53550
370.0 0.89166
372.0 4.62282
374.0 5.41073
376.0 4.84980
378.0 4.78617
380.0 1.04934
382.0 4.14548
384.0 4.11794
386.0 4.29423
388.0 4.80660
390.0 4.29021
392.0 4.44398
394.0 4.63604
396.0 4.68168
398.0 4.39196
400.0 3.99423
402.0 1.97160
404.0 4.67637
406.0 4.71200
408.0 4.80310
410.0 1.01353
412.0 5.23210
414.0 2.21477
416.0 4.65417
418.0 4.72362
420.0 4.60455
422.0 5.02696
424.0 4.32224
426.0 4.49051
428.0 3.88271
430.0 4.19214
432.0 2.01926
434.0 1.04151
436.0 4.86688
438.0 4.28605
440.0 1.41217
442.0 5.64767
444.0 4.51200
446.0 4.43050
448.0 2.19394
450.0 4.40672
452.0 1.01207
454.0 4.58758
456.0 4.49696
458.0 4.61572
460.0 2.59004
462.0 1.06441
464.0 5.29449
466.0 2.12329
468.0 1.97630
470.0 1.65177
472.0 4.08682
474.0 1.06533
476.0 3.75710
478.0 2.20335
480.0 4.99019
482.0 2.31559
484.0 0.90474
486.0 1.66748
488.0 3.78573
490.0 4.33974
492.0 3.92114
494.0 1.81817
496.0 4.94551
498.0 1.55879
500.0 5.34440
502.0 2.05891
504.0 4.61227
506.0 1.41491
508.0 4.16343
510.0 4.14720
512.0 4.13927
514.0 4.39631
516.0 4.81763
518.0 1.03897
520.0 5.51467
522.0 4.82261
524.0 5.23285
526.0 5.15528
528.0 5.81137
530.0 4.49845
532.0 4.26900
534.0 4.22175
536.0 4.78617
538.0 5.41440
540.0 5.30405
542.0 5.22248
544.0 1.00560
546.0 4.90471
548.0 5.24610
550.0 5.27751
552.0 1.28429
554.0 5.01333
556.0 4.31147
558.0 5.36893
560.0 4.67744
562.0 4.53369
564.0 5.48083
566.0 4.41890
568.0 4.86734
570.0 5.42790
572.0 6.76208
574.0 4.52759
576.0 4.72206
578.0 4.77938
580.0 4.41709
582.0 2.13067
584.0 4.61437
586.0 4.64208
588.0 1.02554
590.0 4.52719
592.0 4.30626
594.0 4.89010
596.0 4.30311
598.0 1.27121
600.0 4.61834
602.0 4.47550
604.0 1.02759
606.0 1.04498
608.0 4.53538
610.0 5.80259
612.0 2.09525
614.0 5.19238
616.0 4.73841
618.0 4.94782
620.0 5.80544
622.0 1.25751
624.0 4.46234
626.0 5.06482
628.0 4.25246
630.0 0.93239
632.0 5.03473
634.0 0.85379
636.0 4.82999
638.0 2.31764
640.0 4.67727
642.0 4.12813
644.0 4.11093
646.0 3.98190
648.0 1.13816
650.0 5.98047
652.0 2.18323
654.0 5.89941
656.0 4.61998
658.0 3.94212
660.0 4.56386
662.0 4.67827
664.0 4.32058
666.0 4.41268
668.0 4.33665
670.0 4.15390
672.0 4.03573
674.0 4.59431
676.0 4.15772
678.0 5.14242
680.0 4.55117
682.0 4.60600
684.0 4.47383
686.0 2.14964
688.0 4.59419
690.0 5.24999
692.0 4.58071
694.0 4.46619
696.0 4.49657
698.0 4.18534
700.0 4.07663
702.0 4.33547
704.0 4.14248
706.0 4.94056
708.0 4.35592
710.0 4.60784
712.0 4.23915
714.0 4.36598
716.0 4.63137
718.0 4.30430
720.0 4.75165
722.0 5.08156
724.0 5.54054
726.0 4.73046
728.0 4.47383
730.0 4.07306
732.0 4.25317
734.0 4.23476
736.0 4.54850
738.0 5.74255
740.0 5.74346
742.0 5.01623
744.0 0.91780
746.0 4.94939
748.0 4.51909
750.0 0.88578
752.0 4.36441
754.0 1.06267
756.0 5.07704
758.0 4.23972
760.0 4.55518
762.0 1.04930
764.0 0.92703
766.0 6.00452
768.0 6.44571
770.0 4.75589
772.0 4.96974
774.0 1.61738
776.0 4.40552
778.0 1.43165
780.0 0.91707
782.0 3.82995
784.0 1.19038
786.0 1.39115
788.0 4.21120
790.0 4.02115
792.0 4.16492
794.0 4.41934
796.0 5.34854
798.0 2.05583
800.0 4.64942
802.0 3.81640
804.0 4.35215
806.0 4.29714
808.0 1.00464
810.0 2.38186
812.0 1.27877
814.0 5.04693
816.0 4.60169
818.0 4.01270
820.0 4.38908
822.0 4.55828
824.0 4.51979
826.0 5.48574
828.0 5.04019
830.0 1.33172
832.0 4.99832
834.0 4.72206
836.0 2.99191
838.0 2.62665
840.0 1.25940
842.0 4.34489
844.0 4.34174
846.0 4.46014
848.0 5.25111
850.0 1.06216
852.0 4.62829
854.0 4.75589
856.0 0.88906
858.0 4.74858
860.0 4.48825
862.0 0.99174
864.0 4.70400
866.0 5.37794
868.0 4.76394
870.0 4.37847
872.0 0.94057
874.0 3.79634
876.0 0.74475
878.0 4.78478
880.0 4.90501
882.0 5.08108
884.0 3.98995
886.0 4.72373
888.0 4.06859
890.0 0.98211
892.0 4.91307
894.0 4.76128
896.0 5.61032
898.0 4.67823
900.0 4.26716
902.0 5.13434
904.0 4.77600
906.0 4.81114
908.0 5.16166
910.0 5.08131
912.0 0.94343
914.0 6.63597
916.0 5.03972
918.0 6.11338
920.0 4.87533
922.0 5.52114
924.0 5.24610
926.0 4.62537
928.0 4.43827
930.0 5.24610
932.0 1.32706
934.0 4.19214
936.0 5.21092
938.0 2.73176
940.0 0.93361
942.0 2.82721
944.0 3.77082
946.0 4.34049
948.0 4.91364
950.0 2.15448
952.0 5.58215
954.0 0.99171
956.0 5.25448
958.0 1.94267
960.0 4.51200
962.0 5.21092
964.0 2.53629
966.0 1.57737
968.0 0.95572
970.0 1.65265
972.0 4.95435
974.0 1.07281
976.0 5.02791
978.0 2.09331
980.0 4.59374
982.0 6.15273
984.0 0.94298
986.0 1.06786
988.0 4.69031
990.0 0.97095
992.0 4.86939
994.0 2.19815
996.0 4.11993
998.0 5.34860
1000.0 5.02791
1002.0 4.63932
1004.0 1.01349
1006.0 4.96407
1008.0 6.18067
1010.0 2.17543
1012.0 4.43827
1014.0 5.18044
1016.0 1.05850
1018.0 4.35868
1020.0 3.40842
1022.0 1.16651
1024.0 4.03805
1026.0 4.07952
1028.0 5.53116
1030.0 5.58348
1032.0 2.05191
1034.0 4.49649
1036.0 4.40290
1038.0 0.79882
1040.0 5.23580
1042.0 4.72916
1044.0 4.30691
1046.0 4.29239
1048.0 4.62313
1050.0 1.12800
1052.0 4.65427
1054.0 4.80467
1056.0 4.85784
1058.0 5.25081
1060.0 0.98711
1062.0 5.12441
1064.0 4.60649
1066.0 5.13079
1068.0 4.12281
1070.0 4.86734
1072.0 1.36359
1074.0 4.39683
1076.0 2.54150
1078.0 4.44815
1080.0 4.45883
1082.0 4.58501
1084.0 4.89567
1086.0 4.69806
1088.0 2.22474
1090.0 5.20349
1092.0 4.58036
1094.0 4.87846
1096.0 4.82602
1098.0 4.74649
1100.0 4.33547
1102.0 2.31909
1104.0 0.71560
1106.0 4.45852
1108.0 5.25033
1110.0 4.82906
1112.0 2.16133
1114.0 5.91083
1116.0 5.97333
1118.0 4.97224
1120.0 0.92890
1122.0 5.23285
1124.0 4.75293
1126.0 1.09209
1128.0 5.18621
1130.0 4.68707
1132.0 4.82906
1134.0 1.03563
1136.0 4.43322
1138.0 0.84105
1140.0 5.61968
1142.0 6.00502
1144.0 5.42046
1146.0 1.52549
1148.0 4.36527
1150.0 5.00744
1152.0 2.20900
1154.0 4.45470
1156.0 4.51937
1158.0 4.43969
1160.0 4.48944
1162.0 4.85238
1164.0 5.22576
1166.0 4.28843
1168.0 0.96325
1170.0 5.23714
1172.0 4.67232
1174.0 4.47440
1176.0 4.79452
1178.0 4.74649
1180.0 4.48944
1182.0 1.06216
1184.0 4.74036
1186.0 4.91825
1188.0 5.36722
1190.0 4.65913
1192.0 4.49725
1194.0 4.29904
1196.0 1.34196
1198.0 4.89636
1200.0 5.21976
1202.0 4.48207
1204.0 1.12209
1206.0 5.21870
1208.0 4.49031
1210.0 4.54960
1212.0 1.50850
1214.0 4.41629
1216.0 4.78966
1218.0 4.65417
1220.0 4.46819
1222.0 4.35259
1224.0 4.85450
1226.0 4.21120
1228.0 4.67736
1230.0 4.95385
1232.0 5.34654
1234.0 2.14116
1236.0 4.96776
1238.0 5.01333
1240.0 4.68325
1242.0 4.52667
1244.0 5.46990
1246.0 5.08853
1248.0 4.48322
1250.0 5.27285
1252.0 2.53241
1254.0 4.09139
1256.0 4.76916
1258.0 4.76522
1260.0 4.41709
1262.0 4.66240
1264.0 4.59431
1266.0 4.47619
1268.0 4.63857
1270.0 4.50444
1272.0 4.84000
1274.0 5.37794
1276.0 4.72350
1278.0 5.03958
1280.0 4.43130
1282.0 5.23285
1284.0 5.38786
1286.0 5.73641
1288.0 4.87805
1290.0 4.75233
1292.0 4.80335
1294.0 4.48988
1296.0 4.26468
1298.0 1.09083
1300.0 1.16092
1302.0 1.10167
1304.0 1.14007
1306.0 1.10420
1308.0 1.07354
1310.0 4.55518
1312.0 4.59431
1314.0 1.17500
1316.0 1.24123
1318.0 0.88367
1320.0 4.40992
1322.0 1.10593
1324.0 0.90562
1326.0 0.96992
1328.0 0.81573
1330.0 7.82791
1332.0 4.26468
1334.0 1.06663
1336.0 4.62282
1338.0 5.25960
1340.0 0.97899
1342.0 5.12810
1344.0 4.82400
1346.0 1.58543
1348.0 5.21447
1350.0 1.01018
1352.0 4.57566
1354.0 1.00094
1356.0 4.92502
1358.0 4.64942
1360.0 4.60685
1362.0 2.18276
1364.0 4.83200
1366.0 1.06959
1368.0 4.46619
1370.0 5.76180
1372.0 5.74346
1374.0 5.14866
1376.0 1.96537
1378.0 4.34144
1380.0 5.16591
1382.0 1.08219
1384.0 4.92895
1386.0 4.12772
1388.0 1.11503
1390.0 4.11260
1392.0 1.14311
1394.0 4.55437
1396.0 4.93447
1398.0 0.99979
1400.0 4.37929
1402.0 4.76692
1404.0 4.40032
1406.0 4.57566
1408.0 4.58400
1410.0 2.08988
1412.0 4.55137
1414.0 4.27899
1416.0 3.89513
1418.0 4.34489
1420.0 4.13434
1422.0 4.10003
1424.0 4.37994
1426.0 4.60976
1428.0 4.07615
1430.0 4.05019
1432.0 0.98245
1434.0 4.65096
1436.0 4.74013
1438.0 0.93202
1440.0 2.29875
1442.0 2.14541
1444.0 3.94422
1446.0 1.20103
1448.0 3.99652
1450.0 4.91414
1452.0 4.42106
1454.0 1.45963
1456.0 4.37929
1458.0 4.24863
1460.0 0.89136
1462.0 1.35859
1464.0 0.89435
1466.0 2.13603
1468.0 0.87912
1470.0 3.55058
1472.0 3.82267
1474.0 1.03199
1476.0 3.44593
1478.0 1.75506
1480.0 1.80636
1482.0 1.58949
1484.0 3.82539
1486.0 3.81317
1488.0 1.40714
1490.0 2.11642
1492.0 3.45110
1494.0 3.35936
1496.0 3.69526
1498.0 3.54168
1500.0 2.62317
1502.0 0.98623
1504.0 2.48431
1506.0 1.64553
1508.0 2.69299
1510.0 2.47384
1512.0 2.56252
1514.0 3.99829
1516.0 4.18152
1518.0 4.35215
1520.0 2.12709
1522.0 4.33123
1524.0 2.27562
1526.0 1.81864
1528.0 2.76791
1530.0 1.56685
1532.0 2.53492
1534.0 1.85364
1536.0 2.96091
1538.0 1.88489
1540.0 4.30840
1542.0 2.16665
1544.0 0.96512
1546.0 4.80283
1548.0 1.04082
1550.0 0.92958
1552.0 4.55624
1554.0 1.30300
1556.0 1.62861
1558.0 1.81638
1560.0 1.69481
1562.0 0.96650
1564.0 7.02890
1566.0 3.96013
1568.0 1.22353
1570.0 0.96609
1572.0 3.74717
1574.0 1.23859
1576.0 3.62554
1578.0 1.23628
1580.0 4.32927
1582.0 1.05171
1584.0 0.63544
1586.0 1.04678
1588.0 3.03579
1590.0 0.75957
1592.0 5.14622
1594.0 0.84732
1596.0 5.69446
1598.0 7.25459
1600.0 6.27757
1602.0 7.64665
1604.0 6.56170
1606.0 8.78843
1608.0 6.73962
1610.0 6.13071
1612.0 1.69244
1614.0 4.88578
1616.0 6.99433
1618.0 2.45956
1620.0 0.77938
1622.0 2.27108
1624.0 3.17674
1626.0 2.41456
1628.0 4.22153
1630.0 3.85784
1632.0 3.33848
1634.0 5.50327
1636.0 1.12918
1638.0 4.07383
1640.0 0.95046
1642.0 7.61400
1644.0 2.17176
1646.0 1.64306
1648.0 6.98492
1650.0 2.62516
1652.0 1.03629
1654.0 1.82085
1656.0 3.86066
1658.0 1.39025
1660.0 2.24397
1662.0 4.34636
1664.0 1.15233
1666.0 5.45465
1668.0 4.08748
1670.0 2.66976
1672.0 2.67823
1674.0 2.49520
1676.0 1.44830
1678.0 1.59775
1680.0 1.55615
1682.0 2.84363
1684.0 2.29288
1686.0 2.09497
1688.0 2.25754
1690.0 1.24572
1692.0 2.29989
1694.0 2.13709
1696.0 1.19933
1698.0 3.27795
1700.0 1.10411
1702.0 3.49066
1704.0 0.88558
1706.0 3.40495
1708.0 4.80123
1710.0 1.33033
1712.0 2.40129
1714.0 0.87764
1716.0 2.90083
1718.0 4.25600
1720.0 4.58754
1722.0 1.08571
1724.0 2.18036
1726.0 2.07018
1728.0 1.14298
1730.0 3.13815
1732.0 4.45988
1734.0 1.32665
1736.0 1.59271
1738.0 0.70493
1740.0 2.11697
1742.0 3.34607
1744.0 6.86827
1746.0 3.25073
1748.0 2.09597
1750.0 0.99474
1752.0 4.12281
1754.0 2.14438
1756.0 5.17525
1758.0 2.03203
1760.0 0.91592
1762.0 1.61456
1764.0 2.25326
1766.0 3.05769
1768.0 1.55413
1770.0 2.27001
1772.0 3.51712
1774.0 3.63676
1776.0 1.31382
1778.0 4.95393
1780.0 4.01869
1782.0 1.51203
1784.0 2.41774
1786.0 2.46656
1788.0 2.87640
1790.0 5.09936
1792.0 1.21921
1794.0 6.81224
1796.0 1.50159
1798.0 2.25845
1800.0 2.24351
1802.0 1.73642
1804.0 4.38728
1806.0 1.08829
1808.0 4.54904
1810.0 4.23604
1812.0 4.08229
1814.0 2.19764
1816.0 3.86991
1818.0 3.82836
1820.0 4.26602
1822.0 4.00248
1824.0 2.16019
1826.0 5.55826
1828.0 4.93312
1830.0 2.20334
1832.0 2.91676
1834.0 3.03216
1836.0 2.19344
1838.0 4.28166
1840.0 4.30007
1842.0 4.45551
1844.0 2.13591
1846.0 4.36751
1848.0 4.88578
1850.0 10.52800
1852.0 3.01108
1854.0 2.80747
1856.0 1.05221
1858.0 2.76307
1860.0 2.89817
1862.0 4.13600
1864.0 1.20109
1866.0 0.70145
1868.0 1.28863
1870.0 1.33750
1872.0 1.64937
1874.0 2.32485
1876.0 1.36845
1878.0 4.44139
1880.0 4.34414
1882.0 0.66110
1884.0 1.35034
1886.0 3.05955
1888.0 2.72661
1890.0 2.92999
1892.0 0.50912
1894.059 1.83700
1896.059 1.23626
1898.059 1.23756
1900.059 1.51447
1902.059 1.02960
1904.059 3.68925
1906.059 0.89914
1908.059 1.32767
1910.059 1.25997
1912.059 0.89058
1914.059 8.48792
1916.059 5.38642
1918.059 0.76628
1920.059 5.08280
1922.059 2.33186
1924.059 1.02294
1926.059 2.11956
1928.059 2.09395
1930.059 2.09195
1932.059 1.13614
1934.059 2.83541
1936.059 4.30626
1938.059 4.15847
1940.059 2.37571
1942.059 1.16347
1944.059 1.54063
1946.059 0.84528
1948.059 5.96151
1950.059 0.60393
1952.059 1.38328
1954.059 0.87196
1956.059 4.51945
1958.059 4.20480
1960.059 0.84956
1962.059 1.76789
1964.059 1.25389
1966.059 3.01737
1968.059 1.50179
1970.059 0.91406
1972.059 0.99954
1974.059 3.50617
1976.059 4.74947
1978.059 1.59604
1980.059 1.97372
1982.059 1.17267
1984.059 4.51948
1986.059 3.48056
1988.059 3.80424
1990.059 4.03674
1992.059 2.39563
1994.059 4.13600
1996.059 1.16728
1998.059 3.38809
2000.059 0.92469
2002.059 4.66448
2004.059 0.66760
2006.059 2.42469
2008.059 2.56646
2010.059 2.93416
2012.059 1.47814
2014.059 4.27962
2016.059 1.54830
2018.059 2.49459
2020.059 1.10766
2022.059 3.90599
2024.059 1.28074
2026.059 4.56770
2028.059 2.60399
2030.059 1.25868
2032.059 3.18389
2034.059 1.30084
2036.059 4.86049
2038.059 5.10286
2040.059 2.12387
2042.059 5.12925
2044.059 1.05019
2046.059 1.82963
2048.059 2.27718
2050.059 1.44169
2052.059 2.65638
2054.059 2.53597
2056.059 3.24944
2058.059 0.73884
2060.059 1.93602
2062.059 3.77900
2064.059 3.51972
2066.059 3.42792
2068.059 3.66022
2070.059 2.54400
2072.059 4.33873
2074.059 0.97349
2076.059 1.79316
2078.059 0.89030
2080.059 6.20851
2082.059 6.40680
2084.059 0.83521
2086.059 2.21101
2088.059 1.76992
2090.059 1.91099
2092.059 1.09027
2094.059 4.87713
2096.059 3.51527
2098.059 3.85932
2100.059 1.61573
2102.059 4.43781
2104.059 3.57682
2106.059 1.08737
2108.059 2.41188
2110.059 1.01453
2112.059 0.88424
2114.059 3.36509
2116.059 3.88439
2118.059 3.37968
2120.059 4.98695
2122.059 1.76331
2124.059 2.87795
2126.059 0.89940
2128.059 8.93116
2130.059 4.63113
2132.059 1.66034
2134.059 2.21038
2136.059 2.91830
2138.059 2.93812
2140.059 2.15781
2142.059 4.79452
2144.059 4.32487
2146.059 4.06267
2148.059 4.07001
2150.059 0.88281
2152.059 1.56162
2154.059 4.86778
2156.059 2.77795
2158.059 3.08191
2160.059 1.66400
2162.059 1.51743
2164.059 2.85090
2166.059 1.49184
2168.059 1.25102
2170.059 1.18370
2172.059 0.61579
2174.059 0.95008
2176.059 1.29733
2178.059 1.60611
2180.059 2.85044
2182.059 7.19240
2184.059 1.61107
2186.059 1.39944
2188.059 0.99921
2190.059 4.43912
2192.059 4.95795
2194.059 5.17056
2196.059 1.02730
2198.059 1.68585
2200.059 6.06971
2202.059 2.97950
2204.059 2.83522
2206.059 3.14346
2208.059 4.59772
2210.059 2.13693
2212.059 0.96675
2214.059 2.48160
2216.059 2.21451
2218.059 1.18984
2220.059 3.88668
2222.059 3.85612
2224.059 2.12277
2226.059 3.76264
2228.059 4.45988
2230.059 1.16622
2232.059 2.94310
2234.059 2.95893
2236.059 1.07745
2238.059 1.88530
2240.059 1.47879
2242.059 1.71394
2244.059 3.63812
2246.059 3.99443
2248.059 4.14853
2250.059 3.85294
2252.059 1.54213
2254.059 2.39406
2256.059 6.71614
2258.059 5.57142
2260.059 2.18034
2262.059 4.58071
2264.059 4.98046
2266.059 5.12173
2268.059 7.11649
2270.059 2.11040
2272.059 2.29725
2274.059 4.12543
2276.059 3.23192
2278.059 4.03345
2280.059 1.00755
2282.059 2.57386
2284.059 2.88950
2286.059 2.68639
2288.059 1.44538
2290.059 1.37355
2292.059 1.09001
2294.059 2.19082
2296.059 9.19111
2298.059 2.25093
2300.059 4.61596
2302.059 2.18427
2304.059 6.81299
2306.059 3.27850
2308.059 1.36014
2310.059 2.83048
2312.059 2.90717
2314.059 2.34035
2316.059 4.12451
2318.059 4.11794
2320.059 1.66168
2322.059 2.31519
2324.059 1.34089
2326.059 1.08700
2328.059 4.18004
2330.059 0.71187
2332.059 4.57566
2334.059 1.63560
2336.059 2.03158
2338.059 3.44852
2340.059 4.95339
2342.059 3.46611
2344.059 2.23093
2346.059 4.60385
2348.059 2.15897
2350.059 2.14628
2352.059 2.19436
2354.059 0.90218
2356.059 5.50093
2358.059 2.12361
2360.059 2.18243
2362.059 2.15010
2364.059 2.14742
2366.059 1.18256
2368.059 5.65589
2370.059 1.19901
2372.059 0.91787
2374.059 1.66144
2376.059 4.80920
2378.059 2.08326
2380.059 1.20591
2382.059 1.46384
2384.059 2.15897
2386.059 1.12770
2388.059 4.34128
2390.059 2.20171
2392.059 2.08392
2394.059 2.05822
2396.059 2.08418
2398.059 0.97121
2400.059 3.36649
2402.059 2.16879
2404.059 4.04314
2406.059 2.26357
2408.059 2.10614
2410.059 2.62422
2412.059 1.28410
2414.059 2.17734
2416.059 1.13340
2418.059 2.94855
2420.059 5.10052
2422.059 4.13284
2424.059 2.18912
2426.059 4.39404
2428.059 3.13424
2430.059 1.44551
2432.059 3.85024
2434.059 1.01333
2436.059 3.24910
2438.059 4.59817
2440.059 1.49993
2442.059 4.66682
2444.059 4.88378
2446.059 1.79678
2448.059 2.22381
2450.059 2.52515
2452.059 4.11368
2454.059 2.91110
2456.059 3.36896
2458.059 4.67736
2460.059 1.48852
2462.059 2.15959
2464.059 3.28638
2466.059 3.86824
2468.059 4.00455
2470.059 3.83604
2472.059 0.94247
2474.059 1.50827
2476.059 1.55420
2478.059 0.89545
2480.059 4.91571
2482.059 4.02836
2484.059 3.66538
2486.059 2.48017
2488.059 0.95973
2490.059 0.85090
2492.059 4.12565
2494.059 2.35731
2496.059 4.09710
2498.059 3.76270
2500.059 3.19600
2502.059 1.64057
2504.059 1.75555
2506.059 1.43907
2508.059 1.43916
2510.059 1.20412
2512.059 2.23396
2514.059 1.34348
2516.059 3.61930
2518.059 4.38185
2520.059 3.70024
2522.059 3.40571
2524.059 0.95800
2526.059 1.04925
2528.059 0.81890
2530.059 5.26850
2532.059 0.98009
2534.059 4.40558
2536.059 1.31817
2538.059 0.96816
2540.059 4.41173
2542.059 4.01693
2544.059 1.08024
2546.059 1.17929
2548.059 1.39986
2550.059 1.15811
2552.059 3.04815
2554.059 3.03312
2556.059 5.24121
2558.059 1.33400
2560.059 2.21047
2562.059 6.76800
2564.059 1.05226
2566.059 4.74338
2568.059 1.37591
2570.059 1.76054
2572.059 3.14833
2574.059 2.77967
2576.059 3.85090
2578.059 3.17781
2580.059 4.68181
2582.059 9.79812
2584.059 6.84716
2586.059 0.97381
2588.059 6.32717
2590.059 4.88605
2592.059 1.34187
2594.059 1.45888
2596.059 1.24409
2598.059 1.81402
2600.059 2.30162
2602.059 3.06884
2604.059 3.70295
2606.059 3.01760
2608.059 1.55556
2610.059 2.34671
2612.059 3.65122
2614.059 3.94422
2616.059 4.10880
2618.059 3.95098
2620.059 2.23125
2622.059 4.36844
2624.059 0.98749
2626.059 4.96407
2628.059 1.32007
2630.059 1.31653
2632.059 0.92043
2634.059 2.78003
2636.059 1.69882
2638.059 2.46023
2640.059 1.69006
2642.059 1.50016
2644.059 5.22041
2646.059 0.96280
2648.059 4.01466
2650.059 2.12492
2652.059 4.82818
2654.059 5.80433
2656.059 2.66313
2658.059 3.27573
2660.059 2.79749
2662.059 2.87011
2664.059 1.65344
2666.059 2.93337
2668.059 3.78748
2670.059 4.35853
2672.059 3.86437
2674.059 1.89044
2676.059 4.54208
2678.059 1.04496
2680.059 2.36507
2682.059 3.96967
2684.059 1.40727
2686.059 1.24783
2688.059 6.08489
2690.059 1.67237
2692.059 1.37636
2694.059 3.98644
2696.059 1.04203
2698.059 5.01056
2700.059 1.19313
2702.059 1.35638
2704.059 1.20668
2706.059 1.04083
2708.059 1.15053
